91.85
91.85
93.89
94.41
95.15
96.14
96.29
96.79
96.59
97.07
96.99
97.13
97.24
97.14
97.15
97.29
97.27
97.4
97.41
97.45
97.57
97.56
97.62
97.62
97.63
97.6
97.71
97.75
97.76
97.75
97.78
97.77
97.81
97.79
97.89
97.9
97.92
97.92
97.92
97.92
97.92
97.93
97.92
97.91
97.95
98
98.04
98.06
98.06
98.09
98.12
98.08
98.11
98.12
98.1
98.13
98.09
98.1
98.09
98.15
98.1
98.12
98.11
98.15
98.13
98.17
98.14
98.19
98.17
98.17
98.16
98.25
98.21
98.26
98.25
98.26
98.26
98.3
98.24
98.31
98.24
98.31
98.26
98.3
98.26
98.32
98.26
98.33
98.26
98.33
98.24
98.33
98.25
98.29
98.27
98.3
98.26
98.3
98.26
98.31
98.29
98.33
98.36
98.32
98.3
98.33
98.3
98.33
98.29
98.29
98.34
98.32
98.34
98.37
98.38
98.4
98.37
98.41
98.41
98.4
98.43
98.44
98.41
98.46
98.46
98.45
98.46
98.48
98.48
98.47
98.46
98.46
98.46
98.45
98.48
98.45
98.46
98.51
98.51
98.49
98.54
98.51
98.52
98.44
98.48
98.44
98.5
98.47
98.47
98.43
98.47
98.48
98.46
98.47
98.51
98.48
98.52
98.49
98.53
98.49
98.56
98.51
98.54
98.54
98.57
98.52
98.56
98.54
98.57
98.56
98.56
98.55
98.56
98.56
98.57
98.56
98.57
98.57
98.6
98.56
98.57
98.56
98.61
98.57
98.61
98.56
98.6
98.58
98.63
98.61
98.62
98.6
98.6
98.62
98.63
98.63
98.64
98.62
98.63
98.63
98.62
98.62
98.61
98.63
98.65
98.65
98.61
98.64
98.62
98.65
98.62
98.62
98.61
98.63
98.59
98.6
98.62
98.67
98.63
98.67
98.64
98.65
98.64
98.63
98.66
98.64
98.64
98.63
98.65
98.61
98.66
98.62
98.63
98.64
98.63
98.65
98.6
98.66
98.6
98.63
98.6
98.64
98.62
98.61
98.67
98.63
98.61
98.63
98.64
98.65
