88.64
88.64
91.72
94.08
94
94.09
96.17
96.58
96.77
97.14
96.96
97.14
97.17
97.48
97.25
97.48
97.57
97.65
97.62
97.77
97.75
97.77
98.03
97.89
98.03
97.91
98.04
97.97
98.02
98.1
98.1
98.16
98.13
98.17
98.12
98.24
98.24
98.27
98.2
98.24
98.28
98.26
98.23
98.23
98.27
98.31
98.37
98.35
98.35
98.37
98.41
98.42
98.41
98.37
98.41
98.47
98.49
98.47
98.5
98.48
98.45
98.5
98.46
98.48
98.47
98.5
98.52
98.5
98.51
98.54
98.54
98.57
98.57
98.51
98.58
98.53
98.55
98.62
98.66
98.64
98.66
98.65
98.69
98.67
98.63
98.62
98.62
98.6
98.59
98.6
98.62
98.62
98.58
98.65
98.64
98.6
98.65
98.62
98.59
98.62
98.55
98.63
98.61
98.61
98.63
98.67
98.65
98.7
98.66
98.63
98.69
98.69
98.7
98.72
98.68
98.74
98.7
98.73
98.73
98.78
98.75
98.78
98.76
98.81
98.77
98.81
98.76
98.83
98.81
98.81
98.78
98.82
98.82
98.83
98.81
98.82
98.82
98.89
98.8
98.89
98.8
98.9
98.8
98.84
98.83
98.85
98.78
98.81
98.84
98.87
98.83
98.81
98.85
98.83
98.83
98.81
98.8
98.83
98.85
98.83
98.84
98.9
98.86
98.86
98.87
98.92
98.89
98.9
98.91
98.92
98.93
98.92
98.92
98.88
98.91
98.89
98.91
98.89
98.9
98.9
98.92
98.94
98.92
98.94
98.93
98.97
98.93
98.97
98.94
98.96
98.94
98.96
98.98
98.96
98.95
98.92
98.97
98.98
98.97
98.98
98.97
98.98
98.96
98.99
98.96
98.98
98.96
98.99
98.97
98.99
98.97
98.99
98.98
98.99
98.98
99.01
98.96
98.99
99.02
98.98
99.02
98.99
98.95
98.97
99
99
99.03
99.01
98.99
99
99
98.96
99
98.99
98.96
99.01
99
99.02
98.98
99.03
99.03
99.03
99.03
99.02
99.03
99.05
99.04
99.07
99.07
99.07
