25.33
42.52
58.11
63.42
68.04
72.63
74.82
76.23
77.96
78.99
79.17
80.35
80.86
81.41
81.44
81.81
82.27
82.68
83.06
83.23
83.23
83.47
83.79
84.12
84.30
84.38
84.58
84.48
84.65
85.11
85.18
85.29
85.24
85.46
85.44
85.65
85.85
85.98
85.99
86.27
86.36
86.31
86.43
86.50
86.60
86.77
86.73
86.87
86.94
86.95
87.06
87.07
87.00
87.22
87.30
87.32
87.37
87.46
87.45
87.62
87.75
87.60
87.67
87.62
87.61
87.65
87.61
87.69
87.79
87.79
87.77
87.81
87.84
87.88
87.98
87.95
87.99
88.07
87.92
87.87
88.07
87.99
88.05
88.07
88.03
88.22
88.12
88.21
88.26
88.29
88.33
88.29
88.29
88.22
88.27
88.27
88.34
88.43
88.36
88.37
88.43
88.47
88.48
88.54
88.54
88.56
88.68
88.53
88.62
88.56
88.70
88.69
88.75
88.72
88.81
88.85
88.86
88.87
88.97
88.81
88.96
88.90
88.95
88.96
89.01
88.97
89.01
89.02
89.01
89.04
89.06
89.12
89.13
89.15
89.14
89.18
89.23
89.14
89.16
89.22
89.19
89.28
89.18
89.34
89.29
89.38
89.35
89.30
89.34
89.43
89.43
89.42
89.44
89.44
89.44
89.37
89.37
89.39
89.44
89.45
89.39
89.49
89.50
89.50
89.54
89.61
89.63
89.65
89.73
89.63
89.68
89.71
89.69
89.71
89.72
89.70
89.74
89.73
89.72
89.67
89.67
89.76
89.67
89.75
89.67
89.71
89.77
89.73
89.87
89.78
89.87
89.82
89.82
89.75
89.77
89.81
89.84
89.79
89.83
89.74
89.79
89.85
89.84
89.79
89.78
89.89
89.86
89.79
89.87
89.84
89.84
89.83
89.77
89.85
89.86
89.82
89.86
89.91
89.87
89.96
89.83
89.88
89.90
89.92
89.94
89.92
89.99
90.01
89.95
89.99
90.01
89.91
90.00
89.96
90.03
90.01
90.00
90.00
90.10
90.15
90.13
90.10
90.18
90.06
90.09
90.12
90.09
90.10
90.01
90.07
