90.99
90.99
90.99
93.42
92.73
93.7
94.3
94.03
95.47
95.22
95.02
95.41
95.73
95.86
95.9
95.96
96.14
96.14
96.17
96.29
96.23
96.23
96.42
96.44
96.59
96.49
96.63
96.53
96.56
96.65
96.68
96.59
96.53
96.51
96.51
96.59
96.58
96.56
96.63
96.58
96.68
96.67
96.6
96.57
96.71
96.6
96.76
96.8
96.82
96.74
96.77
96.74
96.77
96.73
96.8
96.73
96.79
96.79
96.81
96.74
96.76
96.78
96.76
96.74
96.8
96.73
96.8
96.78
96.83
96.85
96.85
96.82
96.86
96.84
96.88
96.84
96.84
96.83
96.89
96.81
96.93
96.86
96.92
96.92
96.91
96.88
96.94
96.9
96.96
96.9
96.95
96.93
96.94
96.91
96.94
96.9
96.99
97
97
96.99
97
97
97.03
96.97
97.01
96.99
97.01
96.99
96.99
96.99
97
97.03
96.98
97.04
96.97
97.03
97.04
97.05
97.05
97.06
97.04
97
97.05
97.05
96.97
97.01
97
97
97.03
96.95
96.98
96.95
96.99
96.99
96.97
97
97
97.02
97.01
97.07
97.01
97.07
97.02
97.06
97.05
97.05
97.04
97.02
97.02
97.03
97.03
97.07
97.05
97.1
97.07
97.08
97.08
97.04
97.06
97.06
97.08
97.08
97.08
97.11
97.07
97.09
97.06
97.11
97.1
97.13
97.1
97.15
97.07
97.14
97.09
97.11
97.11
97.14
97.09
97.13
97.05
97.11
97.09
97.09
97.14
97.14
97.13
97.09
97.14
97.11
97.17
97.11
97.17
97.12
97.14
97.12
97.15
97.13
97.14
97.12
97.11
97.12
97.15
97.18
97.15
97.17
97.16
97.15
97.17
97.18
97.15
97.19
97.2
97.17
97.21
97.16
97.22
97.17
97.24
97.23
97.24
97.21
97.18
97.19
97.21
97.19
97.22
97.22
97.2
97.19
97.19
97.21
97.21
97.2
97.21
97.19
97.18
97.18
97.2
97.19
97.26
97.14
97.25
97.23
97.26
97.25
97.21
97.25
97.17
97.22
