90.06
90.06
90.06
92.28
92.28
93.45
93.91
94.45
94.41
94.71
94.75
94.81
94.65
94.98
94.87
95.11
95.19
95.13
95.26
95.26
95.27
95.37
95.5
95.55
95.68
95.63
95.65
95.61
95.8
95.75
95.94
95.75
95.77
95.86
95.81
95.72
95.87
95.7
95.85
95.9
95.98
95.86
96.02
95.95
95.97
95.98
95.88
95.97
95.96
95.98
96
96.1
96.03
96.11
96
96.16
96.06
96.06
96.06
96.15
96.1
96.12
96.08
96.18
96.18
96.16
96.32
96.29
96.31
96.18
96.26
96.27
96.29
96.33
96.28
96.34
96.27
96.39
96.29
96.39
96.37
96.37
96.38
96.35
96.32
96.35
96.39
96.37
96.42
96.37
96.39
96.4
96.41
96.37
96.39
96.44
96.46
96.45
96.39
96.38
96.44
96.44
96.46
96.49
96.46
96.5
96.48
96.5
96.45
96.47
96.53
96.52
96.47
96.51
96.45
96.5
96.56
96.51
96.53
96.56
96.47
96.54
96.44
96.52
96.42
96.45
96.44
96.48
96.48
96.5
96.46
96.49
96.44
96.52
96.5
96.5
96.46
96.51
96.51
96.54
96.53
96.58
96.57
96.59
96.59
96.61
96.58
96.58
96.62
96.58
96.67
96.59
96.67
96.59
96.68
96.6
96.66
96.6
96.62
96.63
96.71
96.63
96.68
96.63
96.61
96.68
96.72
96.7
96.71
96.68
96.71
96.62
96.63
96.62
96.68
96.64
96.71
96.65
96.67
96.64
96.69
96.69
96.67
96.69
96.65
96.7
96.68
96.7
96.69
96.66
96.7
96.69
96.71
96.68
96.69
96.69
96.68
96.69
96.74
96.74
96.77
96.73
96.72
96.68
96.68
96.75
96.68
96.75
96.69
96.75
96.75
96.74
96.72
96.73
96.74
96.73
96.71
96.76
96.71
96.78
96.74
96.8
96.76
96.75
96.77
96.76
96.78
96.76
96.79
96.77
96.79
96.79
96.79
96.79
96.76
96.76
96.72
96.74
96.75
96.75
96.75
96.76
96.8
96.77
96.81
96.78
96.76
96.78
96.78
96.76
