90.18
90.18
90.18
93.59
93.59
94.04
94.11
94
94.39
94.63
94.9
94.8
95.25
95.17
95.43
95.55
95.4
95.58
95.57
95.54
95.66
95.54
95.62
95.65
95.83
95.69
95.78
95.84
95.81
95.98
95.85
95.95
96.03
96.04
95.99
96.15
96.12
96.29
96.21
96.39
96.32
96.31
96.19
96.38
96.47
96.35
96.49
96.45
96.56
96.52
96.48
96.49
96.49
96.56
96.59
96.55
96.6
96.58
96.67
96.55
96.67
96.66
96.65
96.65
96.68
96.7
96.81
96.71
96.73
96.74
96.73
96.71
96.66
96.76
96.69
96.73
96.66
96.77
96.69
96.78
96.73
96.78
96.9
96.8
96.81
96.78
96.82
96.8
96.8
96.82
96.78
96.79
96.79
96.84
96.77
96.83
96.76
96.85
96.85
96.94
96.88
96.93
96.86
96.94
96.91
96.95
96.96
96.93
96.93
97
96.99
96.99
97.03
97.02
97.03
97.06
97.04
97.08
97.08
97.1
97.11
97.13
97.12
97.2
97.12
97.2
97.18
97.16
97.09
97.09
97.15
97.17
97.15
97.19
97.11
97.14
97.18
97.22
97.18
97.19
97.17
97.19
97.17
97.16
97.16
97.16
97.2
97.19
97.22
97.18
97.19
97.17
97.21
97.16
97.22
97.17
97.2
97.23
97.22
97.23
97.21
97.28
97.26
97.26
97.25
97.27
97.26
97.27
97.26
97.27
97.26
97.28
97.26
97.28
97.25
97.27
97.25
97.29
97.27
97.32
97.28
97.34
97.25
97.32
97.26
97.32
97.26
97.34
97.32
97.33
97.36
97.31
97.34
97.28
97.36
97.38
97.37
97.36
97.38
97.36
97.35
97.35
97.37
97.36
97.37
97.33
97.37
97.34
97.35
97.38
97.33
97.36
97.38
97.4
97.39
97.39
97.39
97.39
97.37
97.4
97.37
97.42
97.38
97.44
97.42
97.42
97.41
97.41
97.4
97.41
97.38
97.42
97.37
97.38
97.36
97.38
97.38
97.41
97.38
97.41
97.37
97.42
97.39
97.42
97.41
97.43
97.43
97.42
97.41
97.43
