91.71
91.71
91.71
91.71
92.41
92.41
93.07
92.38
92.44
92.8
92.5
93.27
93.42
93.95
93.8
93.58
93.44
93.27
93.31
93.64
93.53
93.87
93.79
93.99
93.96
93.97
93.98
94.12
93.89
94.04
94.23
94.38
94.4
94.46
94.6
94.6
94.62
94.68
94.76
94.76
94.77
94.78
94.85
94.97
94.91
94.98
94.84
94.92
94.86
94.93
94.93
94.99
95
94.98
94.93
95
95.02
95.03
95.07
95.04
95.05
95.03
95.08
95.08
95.08
95.14
95.03
95.04
95.09
95.13
95.12
95.09
95.1
95.14
95.18
95.19
95.29
95.26
95.31
95.29
95.35
95.3
95.33
95.31
95.32
95.29
95.32
95.35
95.4
95.35
95.41
95.34
95.37
95.37
95.37
95.37
95.43
95.49
95.46
95.51
95.48
95.51
95.54
95.55
95.52
95.5
95.47
95.52
95.51
95.57
95.56
95.52
95.53
95.57
95.49
95.46
95.53
95.47
95.48
95.47
95.59
95.55
95.63
95.54
95.62
95.57
95.65
95.62
95.63
95.63
95.6
95.61
95.71
95.65
95.72
95.62
95.64
95.67
95.64
95.66
95.64
95.71
95.65
95.72
95.68
95.7
95.63
95.63
95.68
95.67
95.65
95.68
95.71
95.7
95.67
95.72
95.76
95.75
95.74
95.77
95.73
95.75
95.71
95.83
95.83
95.86
95.87
95.85
95.79
95.79
95.83
95.74
95.82
95.78
95.84
95.78
95.81
95.81
95.82
95.84
95.8
95.83
95.79
95.8
95.82
95.81
95.8
95.87
95.85
95.9
95.8
95.88
95.79
95.88
95.81
95.91
95.91
95.94
95.92
95.94
95.92
95.92
95.88
95.94
95.88
96
95.96
96.02
95.98
96.01
95.96
96.01
95.94
96.01
95.97
96
96.01
96.09
96.03
96.03
95.98
96.02
96.02
96.02
96.05
96.03
96.01
96.09
96.06
96.08
96.06
96.05
96.01
96.04
96.13
96.05
96.09
96.09
96.13
96.07
96.1
96.02
96.06
96.06
96.1
96.1
96.06
96.07
96.04
96.06
