92.3
92.3
92.81
93.37
94.6
95.45
95.56
96.1
95.82
96.36
96.1
96.4
96.35
96.48
96.59
96.63
96.75
96.69
96.7
96.81
96.81
96.97
97.06
97.04
97.08
97.15
97.05
97.14
97.1
97.14
97.17
97.21
97.19
97.2
97.19
97.23
97.31
97.35
97.35
97.38
97.38
97.4
97.35
97.43
97.47
97.45
97.41
97.47
97.39
97.49
97.44
97.53
97.4
97.49
97.47
97.55
97.54
97.6
97.57
97.61
97.57
97.54
97.56
97.63
97.54
97.5
97.56
97.55
97.58
97.6
97.61
97.62
97.58
97.6
97.56
97.59
97.62
97.67
97.63
97.65
97.65
97.68
97.66
97.7
97.64
97.67
97.66
97.69
97.73
97.68
97.68
97.71
97.72
97.74
97.73
97.78
97.74
97.72
97.75
97.74
97.78
97.77
97.81
97.8
97.77
97.75
97.79
97.74
97.76
97.73
97.74
97.75
97.77
97.75
97.77
97.75
97.73
97.78
97.74
97.83
97.85
97.9
97.89
97.91
97.94
97.91
97.91
97.92
97.91
97.88
97.96
97.89
97.91
97.88
97.93
97.87
97.97
97.92
98
97.93
98.04
98.03
97.98
98.03
98.05
98.02
98.03
98.06
98
98.03
97.99
98.01
97.97
97.99
97.98
98.01
98.02
98
98.01
98.05
98.06
98.06
98.04
98.07
98.09
98.06
98.04
98.06
98.01
98.08
98.01
98.1
98.07
98.12
98.11
98.12
98.11
98.13
98.1
98.13
98.1
98.13
98.11
98.13
98.1
98.13
98.07
98.13
98.1
98.1
98.13
98.14
98.14
98.14
98.15
98.08
98.09
98.07
98.1
98.08
98.11
98.1
98.15
98.09
98.13
98.13
98.15
98.16
98.17
98.17
98.18
98.18
98.17
98.17
98.18
98.17
98.18
98.18
98.14
98.18
98.2
98.2
98.21
98.14
98.21
98.15
98.19
98.18
98.21
98.2
98.24
98.2
98.22
98.2
98.19
98.18
98.18
98.2
98.21
98.18
98.19
98.16
98.2
98.21
98.19
98.19
98.19
98.2
98.19
98.24
