91.43
91.43
91.43
92.98
92.98
94.63
94.91
95.22
95.27
96.28
96.22
96.55
96.23
96.55
96.53
96.54
96.59
96.81
96.64
96.93
96.71
97.02
96.92
96.99
96.97
97.07
97.09
97.03
96.98
97.09
97.18
97.18
97.22
97.17
97.21
97.21
97.27
97.34
97.33
97.33
97.36
97.39
97.37
97.47
97.41
97.43
97.42
97.43
97.45
97.46
97.47
97.48
97.46
97.49
97.5
97.5
97.51
97.5
97.52
97.53
97.53
97.64
97.56
97.73
97.66
97.69
97.64
97.7
97.65
97.68
97.65
97.59
97.63
97.65
97.57
97.66
97.58
97.63
97.57
97.62
97.62
97.62
97.63
97.64
97.59
97.58
97.59
97.61
97.61
97.63
97.66
97.68
97.75
97.75
97.73
97.75
97.7
97.72
97.71
97.74
97.75
97.74
97.74
97.74
97.77
97.75
97.74
97.78
97.76
97.76
97.75
97.76
97.71
97.74
97.76
97.74
97.79
97.75
97.8
97.76
97.8
97.77
97.8
97.76
97.8
97.78
97.81
97.8
97.78
97.82
97.78
97.79
97.79
97.83
97.86
97.84
97.85
97.87
97.84
97.86
97.86
97.82
97.85
97.81
97.84
97.82
97.85
97.88
97.81
97.88
97.8
97.82
97.78
97.83
97.84
97.79
97.8
97.81
97.86
97.85
97.87
97.87
97.86
97.88
97.85
97.81
97.85
97.82
97.83
97.85
97.84
97.85
97.84
97.88
97.86
97.87
97.85
97.83
97.79
97.79
97.77
97.82
97.8
97.79
97.84
97.83
97.79
97.82
97.79
97.78
97.78
97.81
97.78
97.83
97.79
97.83
97.79
97.83
97.77
97.83
97.8
97.84
97.83
97.84
97.81
97.84
97.83
97.87
97.87
97.88
97.89
97.89
97.92
97.89
97.86
97.86
97.86
97.88
97.88
97.88
97.89
97.91
97.89
97.92
97.92
97.92
97.9
97.92
97.9
97.89
97.93
97.92
97.91
97.91
97.92
97.92
97.92
97.92
97.91
97.88
97.88
97.86
97.9
97.88
97.89
97.89
97.91
97.89
97.87
97.88
