90.26
90.26
90.26
92.82
93.08
92.94
93.14
93.42
94.05
94.09
94.17
94.17
94.28
94.48
94.48
94.75
94.64
94.88
94.84
94.92
94.9
94.92
94.85
94.95
94.8
94.9
94.81
95.04
95.02
95.19
95.2
95.22
95.13
95.35
95.38
95.33
95.49
95.35
95.43
95.41
95.48
95.57
95.57
95.59
95.59
95.62
95.61
95.69
95.7
95.78
95.8
95.84
95.76
95.78
95.76
95.83
95.78
95.74
95.88
95.75
95.88
95.79
95.85
95.91
95.94
95.9
95.94
95.92
96.04
95.95
96.02
95.94
95.91
95.97
95.92
95.91
95.97
95.98
96.01
96.04
95.99
96.07
96
96.02
96.04
96.05
96.01
96.02
96.11
96.08
96.09
96
96.05
96.13
96.03
96.05
96.02
96.06
96.08
96.11
96.17
96.16
96.16
96.17
96.23
96.23
96.19
96.23
96.23
96.22
96.2
96.21
96.22
96.23
96.24
96.19
96.22
96.26
96.21
96.18
96.2
96.29
96.2
96.28
96.18
96.25
96.23
96.22
96.23
96.24
96.25
96.24
96.23
96.28
96.26
96.25
96.29
96.22
96.33
96.24
96.35
96.3
96.36
96.31
96.33
96.28
96.32
96.28
96.29
96.35
96.31
96.35
96.33
96.45
96.35
96.51
96.42
96.4
96.36
96.44
96.38
96.44
96.4
96.47
96.42
96.42
96.45
96.42
96.43
96.46
96.46
96.46
96.45
96.45
96.5
96.46
96.47
96.43
96.44
96.5
96.45
96.53
96.46
96.54
96.52
96.6
96.53
96.59
96.57
96.64
96.56
96.59
96.58
96.61
96.57
96.6
96.58
96.56
96.57
96.55
96.58
96.54
96.6
96.58
96.59
96.6
96.61
96.58
96.59
96.65
96.62
96.61
96.62
96.63
96.68
96.56
96.6
96.59
96.66
96.6
96.61
96.58
96.67
96.65
96.71
96.67
96.7
96.69
96.71
96.72
96.72
96.76
96.71
96.76
96.75
96.72
96.71
96.74
96.75
96.74
96.73
96.74
96.7
96.72
96.68
96.69
96.71
96.69
96.66
96.75
