90.46
90.46
90.46
88.52
89.52
90.67
93.03
91.31
92.85
92.72
93.38
93.1
93.33
93.24
93.61
93.49
93.66
93.84
93.72
93.95
93.99
93.99
94.08
94.29
94.33
94.38
94.38
94.46
94.28
94.55
94.55
94.52
94.6
94.67
94.67
94.7
94.7
94.78
94.74
94.92
94.81
94.96
94.86
94.94
94.82
94.94
94.88
94.98
94.92
94.95
94.95
95.03
95.04
95.19
95.14
94.99
95.14
95.15
95.25
95.12
95.37
95.2
95.34
95.19
95.33
95.22
95.3
95.26
95.27
95.29
95.35
95.32
95.35
95.31
95.37
95.35
95.44
95.43
95.45
95.45
95.47
95.45
95.5
95.46
95.52
95.58
95.56
95.53
95.57
95.53
95.53
95.57
95.56
95.58
95.52
95.59
95.55
95.58
95.62
95.5
95.58
95.55
95.55
95.57
95.55
95.58
95.54
95.6
95.66
95.7
95.61
95.68
95.62
95.65
95.66
95.68
95.75
95.66
95.76
95.65
95.72
95.74
95.68
95.7
95.7
95.75
95.78
95.72
95.8
95.67
95.74
95.72
95.76
95.86
95.87
95.8
95.89
95.91
95.91
95.87
95.94
95.92
95.96
95.94
95.98
96
96.01
96.05
96.02
96.02
96.03
96.04
95.95
95.99
95.93
96
95.92
96
95.91
96.02
95.95
96.06
95.97
96.03
95.97
96.04
95.99
96.02
96.06
96
96.05
95.98
95.99
95.99
96.05
96.01
96.04
96.01
96.07
96.02
96.07
95.98
96.06
96.06
96.11
96.1
96.12
96.08
96.12
96.12
96.1
96.11
96.08
96.1
96.07
96.09
96.1
96.1
96.05
96.1
96.1
96.1
96.09
96.11
96.14
96.14
96.09
96.06
96.13
96.09
96.07
96.11
96.06
96.11
96.09
96.13
96.09
96.15
96.16
96.13
96.21
96.13
96.21
96.14
96.2
96.15
96.19
96.15
96.15
96.19
96.24
96.17
96.27
96.18
96.26
96.18
96.23
96.19
96.24
96.17
96.17
96.24
96.18
96.18
96.16
96.13
96.19
96.16
96.21
96.17
