[0] Training Error = 0.018167
[1] Training Error = 0.016733
[2] Training Error = 0.032383
[3] Training Error = 0.040767
[4] Training Error = 0.036200
[5] Training Error = 0.051983
[6] Training Error = 0.022450
[7] Training Error = 0.026517
[8] Training Error = 0.044883
[9] Training Error = 0.051483
[0] Coefficients:
COEFF   1.234918,359,64
COEFF   -0.889125,435,0
COEFF   0.558945,511,192
COEFF   -0.451682,379,0
COEFF   0.474507,627,192
COEFF   0.442121,429,192
COEFF   0.342702,481,192
COEFF   -0.363587,461,0
COEFF   0.283722,213,192
COEFF   0.264716,328,128
COEFF   0.266175,657,64
COEFF   0.293278,542,0
COEFF   -0.248895,381,0
COEFF   0.246807,293,128
COEFF   0.184422,270,192
COEFF   -0.185670,518,0
COEFF   0.200887,485,64
COEFF   -0.167469,350,0
COEFF   0.177483,44,192
COEFF   -0.203369,259,0
COEFF   0.136542,385,128
COEFF   -0.154337,359,0
COEFF   0.159384,368,64
COEFF   -0.186746,434,64
COEFF   0.177511,435,64
COEFF   0.151765,627,0
COEFF   0.179211,427,128
COEFF   -0.150867,511,128
COEFF   -0.125760,462,0
COEFF   0.144253,244,192
COEFF   0.125116,571,64
COEFF   -0.140032,575,64
COEFF   -0.121016,580,0
COEFF   0.123232,43,64
COEFF   -0.155392,406,64
COEFF   0.129023,157,0
COEFF   0.128975,297,192
COEFF   -0.114801,380,0
COEFF   0.121246,403,192
COEFF   0.111141,427,64
COEFF   0.111735,210,128
COEFF   -0.117066,521,192
COEFF   -0.096033,490,0
COEFF   0.126792,436,192
COEFF   -0.125275,176,0
COEFF   -0.107321,321,0
COEFF   0.124680,267,192
COEFF   0.114605,154,0
COEFF   -0.103585,578,0
COEFF   -0.099336,409,0
[0] guessed 9809 out of 10000 (98.090000%)
[0] Test Error = 0.019100
[1] Coefficients:
COEFF   1.033479,559,0
COEFF   -0.769349,437,0
COEFF   0.641028,350,192
COEFF   0.541306,489,192
COEFF   -0.445930,375,0
COEFF   0.441087,670,0
COEFF   -0.515375,234,0
COEFF   -0.319372,458,0
COEFF   0.332478,133,192
COEFF   -0.376519,523,0
COEFF   -0.288891,354,0
COEFF   0.297020,678,192
COEFF   0.302260,407,128
COEFF   -0.265778,183,0
COEFF   0.243744,323,192
COEFF   -0.218913,270,0
COEFF   -0.223618,180,0
COEFF   -0.207628,488,0
COEFF   -0.220613,373,0
COEFF   0.243316,621,64
COEFF   -0.227689,511,0
COEFF   -0.209322,628,0
COEFF   0.202435,436,192
COEFF   -0.206852,521,0
COEFF   0.180471,130,0
COEFF   -0.205040,383,0
COEFF   0.163385,69,192
COEFF   -0.185254,273,0
COEFF   -0.176032,575,0
COEFF   0.174833,294,128
COEFF   -0.127373,205,0
COEFF   0.165888,162,192
COEFF   -0.162576,484,0
COEFF   0.142604,634,64
COEFF   -0.124482,466,0
COEFF   -0.144150,212,0
COEFF   0.131553,436,128
COEFF   -0.114793,346,0
COEFF   0.134081,127,0
COEFF   -0.126072,150,0
COEFF   0.150226,72,64
COEFF   -0.135584,204,0
COEFF   0.111980,578,192
COEFF   -0.112253,538,0
COEFF   0.138348,161,64
COEFF   -0.125176,271,0
COEFF   -0.118937,210,0
COEFF   0.109787,379,192
COEFF   -0.125984,487,0
COEFF   -0.118873,629,0
[1] guessed 9837 out of 10000 (98.370000%)
[1] Test Error = 0.016300
[2] Coefficients:
COEFF   1.165322,584,0
COEFF   -0.515014,346,0
COEFF   0.491505,125,0
COEFF   0.403071,516,64
COEFF   0.440558,538,0
COEFF   -0.289928,658,0
COEFF   -0.251975,349,0
COEFF   0.260730,149,0
COEFF   -0.280575,343,0
COEFF   0.273296,492,192
COEFF   0.220679,636,0
COEFF   0.215703,487,0
COEFF   0.201370,569,64
COEFF   -0.163718,385,0
COEFF   0.173481,473,0
COEFF   -0.171373,371,128
COEFF   -0.152207,322,0
COEFF   0.160885,156,192
COEFF   0.129471,526,0
COEFF   -0.144309,317,0
COEFF   0.144662,492,0
COEFF   0.125813,501,0
COEFF   -0.145335,320,64
COEFF   -0.111262,380,64
COEFF   -0.114454,400,64
COEFF   0.116423,508,0
COEFF   -0.111875,370,192
COEFF   0.110234,637,0
COEFF   -0.109240,125,64
COEFF   0.100507,580,0
COEFF   0.089674,434,0
COEFF   0.096983,494,192
COEFF   -0.081863,516,128
COEFF   -0.076597,603,64
COEFF   0.092915,153,0
COEFF   0.079521,460,128
COEFF   -0.084666,406,192
COEFF   0.071066,500,0
COEFF   -0.103648,260,192
COEFF   0.075091,473,64
COEFF   -0.092746,401,128
COEFF   0.075396,327,64
COEFF   -0.074014,654,64
COEFF   0.072878,389,0
COEFF   -0.100017,343,192
COEFF   0.075963,474,0
COEFF   -0.087508,349,128
COEFF   0.071803,183,192
COEFF   0.069895,296,64
COEFF   -0.065311,683,128
[2] guessed 9674 out of 10000 (96.740000%)
[2] Test Error = 0.032600
[3] Coefficients:
COEFF   1.100374,591,0
COEFF   0.541156,350,64
COEFF   0.511462,177,0
COEFF   -0.445293,517,0
COEFF   0.338741,651,0
COEFF   -0.338185,317,0
COEFF   -0.238861,486,0
COEFF   0.245200,173,0
COEFF   0.219370,296,0
COEFF   0.194701,466,0
COEFF   0.188416,682,0
COEFF   -0.187276,400,0
COEFF   0.184088,125,64
COEFF   0.171638,381,0
COEFF   0.141163,536,0
COEFF   -0.170043,542,64
COEFF   -0.143259,290,64
COEFF   0.149670,578,0
COEFF   0.144739,710,0
COEFF   0.131164,183,0
COEFF   0.102176,404,64
COEFF   0.102111,508,128
COEFF   -0.135866,189,0
COEFF   -0.102833,205,128
COEFF   0.124691,678,64
COEFF   -0.121368,456,0
COEFF   0.104335,326,0
COEFF   -0.098307,573,0
COEFF   0.106317,267,0
COEFF   0.116391,537,0
COEFF   -0.109188,291,64
COEFF   0.093245,495,0
COEFF   -0.091718,315,64
COEFF   0.124190,200,0
COEFF   -0.095619,399,0
COEFF   0.082390,380,192
COEFF   0.079754,677,0
COEFF   -0.098565,218,0
COEFF   -0.082012,489,0
COEFF   -0.085323,350,128
COEFF   0.090986,322,192
COEFF   -0.081295,465,192
COEFF   0.082102,272,192
COEFF   0.075648,378,0
COEFF   0.078186,99,0
COEFF   -0.091037,571,128
COEFF   0.075115,241,0
COEFF   0.071001,479,0
COEFF   -0.089624,316,128
COEFF   -0.065932,158,0
[3] guessed 9598 out of 10000 (95.980000%)
[3] Test Error = 0.040200
[4] Coefficients:
COEFF   1.113416,0,0
COEFF   -0.588953,211,0
COEFF   0.522368,429,64
COEFF   -0.451614,570,0
COEFF   0.339137,463,192
COEFF   0.367872,426,128
COEFF   -0.280281,602,0
COEFF   0.313948,374,0
COEFF   -0.242745,551,0
COEFF   -0.254183,237,0
COEFF   0.239587,437,192
COEFF   0.254005,163,0
COEFF   -0.256732,596,0
COEFF   0.189470,190,0
COEFF   0.178772,353,0
COEFF   -0.162236,600,0
COEFF   0.194591,347,128
COEFF   0.163697,399,128
COEFF   -0.176449,577,0
COEFF   -0.150102,240,64
COEFF   -0.136155,208,64
COEFF   0.131641,380,192
COEFF   -0.128424,628,0
COEFF   0.144657,396,128
COEFF   -0.155788,322,128
COEFF   0.114413,490,192
COEFF   0.110733,375,64
COEFF   0.115079,372,128
COEFF   -0.122761,429,128
COEFF   -0.117250,569,0
COEFF   0.129091,424,192
COEFF   -0.136154,206,64
COEFF   -0.126309,266,0
COEFF   0.111209,460,64
COEFF   0.098915,320,192
COEFF   -0.109127,125,0
COEFF   0.126342,663,64
COEFF   -0.113694,214,192
COEFF   0.099593,456,128
COEFF   0.098179,403,64
COEFF   0.088357,519,128
COEFF   -0.080427,300,0
COEFF   0.091224,397,192
COEFF   -0.111243,124,0
COEFF   -0.092239,295,0
COEFF   0.092272,732,64
COEFF   -0.105483,580,0
COEFF   -0.085053,406,0
COEFF   -0.078144,712,0
COEFF   0.101652,396,192
[4] guessed 9652 out of 10000 (96.520000%)
[4] Test Error = 0.034800
[5] Coefficients:
COEFF   1.203327,221,0
COEFF   -0.412632,326,0
COEFF   0.386028,347,64
COEFF   0.340018,162,0
COEFF   -0.351957,489,0
COEFF   0.208178,276,0
COEFF   -0.297627,357,0
COEFF   -0.247418,408,0
COEFF   -0.204363,574,64
COEFF   0.195564,376,128
COEFF   -0.183979,486,64
COEFF   0.200744,191,0
COEFF   -0.145043,455,128
COEFF   0.163960,289,64
COEFF   -0.147500,240,0
COEFF   0.121470,321,64
COEFF   -0.109330,381,64
COEFF   0.109162,402,128
COEFF   -0.113805,328,64
COEFF   0.164340,305,0
COEFF   -0.147565,358,64
COEFF   0.148990,538,0
COEFF   -0.117979,435,64
COEFF   0.110791,290,0
COEFF   -0.118670,549,0
COEFF   -0.104308,299,0
COEFF   -0.102469,183,0
COEFF   -0.101009,386,0
COEFF   0.133984,609,128
COEFF   -0.106125,515,64
COEFF   0.111457,188,0
COEFF   -0.097288,456,64
COEFF   0.101596,277,64
COEFF   -0.122486,387,64
COEFF   0.102010,276,64
COEFF   -0.084683,269,0
COEFF   0.083301,597,0
COEFF   -0.089191,153,0
COEFF   0.087409,207,192
COEFF   -0.097694,595,192
COEFF   0.079493,292,64
COEFF   0.082908,509,0
COEFF   -0.090901,330,0
COEFF   0.083660,287,192
COEFF   -0.093925,412,0
COEFF   -0.087422,434,192
COEFF   0.077228,372,64
COEFF   -0.065678,267,0
COEFF   -0.070572,382,64
COEFF   -0.060551,387,0
[5] guessed 9493 out of 10000 (94.930000%)
[5] Test Error = 0.050700
[6] Coefficients:
COEFF   1.231567,72,0
COEFF   -0.628694,242,0
COEFF   0.605853,514,128
COEFF   0.453248,103,0
COEFF   -0.495780,657,0
COEFF   0.388233,601,64
COEFF   0.340612,402,128
COEFF   0.315994,414,0
COEFF   -0.357124,271,0
COEFF   -0.257134,211,0
COEFF   0.271484,348,128
COEFF   0.220027,550,0
COEFF   0.191543,544,128
COEFF   0.195063,133,64
COEFF   -0.258858,566,0
COEFF   0.199266,387,64
COEFF   -0.230843,296,64
COEFF   -0.176560,208,0
COEFF   0.157810,542,0
COEFF   0.149244,67,0
COEFF   -0.195382,245,64
COEFF   0.149151,400,64
COEFF   0.161562,459,192
COEFF   0.166179,601,0
COEFF   0.148951,388,64
COEFF   -0.169593,240,64
COEFF   -0.169225,327,0
COEFF   -0.146845,153,64
COEFF   0.154467,106,0
COEFF   0.161622,462,0
COEFF   0.153341,496,0
COEFF   0.149309,630,128
COEFF   -0.124106,653,0
COEFF   0.146412,164,64
COEFF   -0.144771,537,0
COEFF   0.114042,133,192
COEFF   0.138334,575,0
COEFF   -0.110930,514,64
COEFF   0.114277,484,64
COEFF   -0.112489,178,0
COEFF   0.112396,68,0
COEFF   0.139614,571,0
COEFF   -0.108170,211,64
COEFF   0.106040,403,128
COEFF   0.092406,408,128
COEFF   -0.091295,402,64
COEFF   0.091362,346,0
COEFF   0.095035,487,64
COEFF   0.107657,359,128
COEFF   -0.135116,218,0
[6] guessed 9749 out of 10000 (97.490000%)
[6] Test Error = 0.025100
[7] Coefficients:
COEFF   1.187066,740,0
COEFF   -0.613129,405,0
COEFF   0.492180,709,0
COEFF   -0.539642,155,0
COEFF   0.420202,231,0
COEFF   -0.399228,401,0
COEFF   0.318886,296,64
COEFF   0.309534,715,0
COEFF   -0.316851,578,0
COEFF   -0.284271,432,0
COEFF   0.231159,744,0
COEFF   -0.273023,540,0
COEFF   0.213836,679,0
COEFF   -0.224914,376,0
COEFF   0.168546,438,0
COEFF   -0.181043,603,0
COEFF   0.175717,266,128
COEFF   -0.168264,485,0
COEFF   0.186916,284,0
COEFF   -0.197780,580,0
COEFF   0.152523,311,0
COEFF   -0.169620,740,64
COEFF   0.157304,298,192
COEFF   0.137112,207,64
COEFF   -0.128999,212,0
COEFF   -0.132955,551,0
COEFF   0.127515,284,64
COEFF   -0.148356,158,0
COEFF   0.122987,434,192
COEFF   -0.127576,461,0
COEFF   -0.127322,348,0
COEFF   0.119931,295,192
COEFF   -0.115325,604,0
COEFF   0.112372,439,192
COEFF   -0.112973,569,0
COEFF   0.107251,678,64
COEFF   -0.117890,427,0
COEFF   -0.091232,349,64
COEFF   0.106702,340,128
COEFF   -0.111380,608,0
COEFF   0.101975,414,0
COEFF   0.106343,325,0
COEFF   0.092269,687,0
COEFF   -0.091690,459,64
COEFF   0.091152,411,64
COEFF   -0.094223,549,0
COEFF   -0.076196,318,0
COEFF   0.094381,319,192
COEFF   -0.086920,607,0
COEFF   0.084169,745,0
[7] guessed 9746 out of 10000 (97.460000%)
[7] Test Error = 0.025400
[8] Coefficients:
COEFF   1.112848,307,64
COEFF   0.463411,487,0
COEFF   0.460123,657,128
COEFF   0.388297,376,128
COEFF   0.301081,433,192
COEFF   0.294656,274,0
COEFF   -0.247536,439,0
COEFF   0.260582,660,64
COEFF   0.230385,542,0
COEFF   -0.194719,267,64
COEFF   -0.162458,428,0
COEFF   0.184469,304,0
COEFF   0.185900,379,64
COEFF   0.174371,300,0
COEFF   0.157201,155,0
COEFF   0.158593,290,0
COEFF   0.148498,663,128
COEFF   -0.172364,577,192
COEFF   0.139581,376,0
COEFF   0.145490,489,64
COEFF   0.136730,688,128
COEFF   -0.123649,571,192
COEFF   0.124490,321,64
COEFF   0.115412,627,0
COEFF   0.118031,303,0
COEFF   0.132140,433,0
COEFF   0.109585,287,64
COEFF   -0.114964,241,192
COEFF   -0.110062,574,128
COEFF   0.100159,516,0
COEFF   0.091841,691,128
COEFF   0.129030,184,0
COEFF   -0.103885,211,192
COEFF   0.105640,291,0
COEFF   -0.097291,523,0
COEFF   0.119199,313,128
COEFF   0.120821,182,0
COEFF   -0.110815,657,192
COEFF   0.087117,260,0
COEFF   -0.093386,399,0
COEFF   0.111414,332,64
COEFF   0.112996,436,0
COEFF   0.093329,350,128
COEFF   0.086189,355,0
COEFF   -0.080704,573,192
COEFF   0.079811,512,128
COEFF   -0.095005,468,64
COEFF   0.093371,340,0
COEFF   0.106929,630,0
COEFF   -0.088230,629,192
[8] guessed 9578 out of 10000 (95.780000%)
[8] Test Error = 0.042200
[9] Coefficients:
COEFF   1.126157,719,0
COEFF   -0.408740,156,0
COEFF   0.413793,712,0
COEFF   0.317196,211,64
COEFF   0.301481,715,0
COEFF   0.305314,401,0
COEFF   0.259548,381,192
COEFF   0.178426,708,0
COEFF   -0.231310,570,0
COEFF   -0.205513,232,0
COEFF   0.219762,369,64
COEFF   -0.196453,294,64
COEFF   0.163585,184,128
COEFF   -0.174473,629,0
COEFF   -0.188894,551,0
COEFF   0.149701,383,192
COEFF   0.143439,352,192
COEFF   0.147810,290,0
COEFF   0.127603,693,128
COEFF   -0.167190,217,0
COEFF   -0.115980,603,0
COEFF   0.129522,210,0
COEFF   0.126012,370,0
COEFF   -0.146878,231,0
COEFF   0.144397,694,64
COEFF   -0.145444,497,0
COEFF   0.120391,155,64
COEFF   -0.120094,569,0
COEFF   0.119395,328,128
COEFF   0.116055,378,0
COEFF   0.099405,464,128
COEFF   0.107663,695,0
COEFF   0.121797,212,0
COEFF   -0.104865,600,0
COEFF   -0.100588,577,0
COEFF   0.109178,153,64
COEFF   -0.110388,567,0
COEFF   0.101884,357,128
COEFF   -0.105743,203,0
COEFF   0.095556,745,0
COEFF   -0.097474,190,0
COEFF   0.092258,151,64
COEFF   0.090754,437,0
COEFF   -0.076792,547,128
COEFF   0.081930,424,128
COEFF   -0.101712,230,64
COEFF   0.089426,722,0
COEFF   0.091450,211,0
COEFF   0.073294,343,0
COEFF   -0.093178,495,0
[9] guessed 9495 out of 10000 (94.950000%)
[9] Test Error = 0.050500
Guessed 8695 numbers out of 10000 (86.950000%)
[1vA] Test Error = 0.130500
