[0] Training Error = 0.012233
[1] Training Error = 0.010400
[2] Training Error = 0.028150
[3] Training Error = 0.033600
[4] Training Error = 0.026667
[5] Training Error = 0.041317
[6] Training Error = 0.015683
[7] Training Error = 0.020183
[8] Training Error = 0.034233
[9] Training Error = 0.039333
[0] Coefficients:
COEFF   1.234918,359,64
COEFF   -0.889125,435,0
COEFF   0.558945,511,192
COEFF   -0.451682,379,0
COEFF   0.474507,627,192
COEFF   0.442121,429,192
COEFF   0.342702,481,192
COEFF   -0.363587,461,0
COEFF   0.283722,213,192
COEFF   0.264716,328,128
COEFF   0.266175,657,64
COEFF   0.293278,542,0
COEFF   -0.248895,381,0
COEFF   0.246807,293,128
COEFF   0.184422,270,192
COEFF   -0.185670,518,0
COEFF   0.200887,485,64
COEFF   -0.167469,350,0
COEFF   0.177483,44,192
COEFF   -0.203369,259,0
COEFF   0.136542,385,128
COEFF   -0.154337,359,0
COEFF   0.159384,368,64
COEFF   -0.186746,434,64
COEFF   0.177511,435,64
COEFF   0.151765,627,0
COEFF   0.179211,427,128
COEFF   -0.150867,511,128
COEFF   -0.125760,462,0
COEFF   0.144253,244,192
COEFF   0.125116,571,64
COEFF   -0.140032,575,64
COEFF   -0.121016,580,0
COEFF   0.123232,43,64
COEFF   -0.155392,406,64
COEFF   0.129023,157,0
COEFF   0.128975,297,192
COEFF   -0.114801,380,0
COEFF   0.121246,403,192
COEFF   0.111141,427,64
COEFF   0.111735,210,128
COEFF   -0.117066,521,192
COEFF   -0.096033,490,0
COEFF   0.126792,436,192
COEFF   -0.125275,176,0
COEFF   -0.107321,321,0
COEFF   0.124680,267,192
COEFF   0.114605,154,0
COEFF   -0.103585,578,0
COEFF   -0.099336,409,0
COEFF   0.103815,354,128
COEFF   -0.091380,461,192
COEFF   0.114079,397,64
COEFF   -0.121325,359,128
COEFF   0.108762,329,128
COEFF   0.107896,486,192
COEFF   -0.093831,580,128
COEFF   0.097757,659,128
COEFF   0.101347,568,0
COEFF   -0.099008,627,128
COEFF   0.093620,629,128
COEFF   -0.083112,295,0
COEFF   -0.098584,206,0
COEFF   0.081493,443,128
COEFF   -0.101558,712,0
COEFF   0.101712,45,64
COEFF   -0.100732,435,192
COEFF   0.080446,654,128
COEFF   0.091293,572,128
COEFF   -0.088451,574,192
COEFF   0.073257,240,192
COEFF   -0.086162,213,128
COEFF   0.087704,214,0
COEFF   0.089298,309,0
COEFF   -0.105671,377,192
COEFF   0.091157,404,192
COEFF   -0.096825,489,0
COEFF   -0.077180,683,0
COEFF   0.087714,488,192
COEFF   0.072891,345,0
COEFF   -0.072601,401,192
COEFF   0.071025,429,0
COEFF   0.095405,342,128
COEFF   -0.083534,608,0
COEFF   -0.064738,438,192
COEFF   0.080390,45,0
COEFF   -0.089477,101,0
COEFF   0.076419,44,128
COEFF   -0.086529,711,0
COEFF   0.078688,43,0
COEFF   0.086982,628,0
COEFF   0.070551,357,0
COEFF   -0.072739,510,0
COEFF   0.078289,455,64
COEFF   0.069711,294,192
COEFF   -0.078415,323,0
COEFF   0.079809,298,64
COEFF   -0.069386,290,192
COEFF   0.068092,444,192
COEFF   -0.095380,203,64
COEFF   0.082388,282,128
COEFF   -0.094861,461,128
COEFF   0.063509,190,192
COEFF   0.078838,213,0
COEFF   -0.070446,211,64
COEFF   -0.066477,351,192
COEFF   0.075094,353,192
COEFF   -0.062414,457,192
COEFF   0.074197,457,64
COEFF   0.066758,425,128
COEFF   -0.067716,152,192
COEFF   0.091762,153,0
COEFF   0.065474,238,192
COEFF   -0.065709,353,0
COEFF   -0.063911,579,0
COEFF   -0.079307,519,0
COEFF   0.072798,571,0
COEFF   0.072038,417,128
COEFF   -0.076375,248,0
COEFF   0.065213,296,192
COEFF   -0.072845,294,0
COEFF   -0.070078,154,128
COEFF   0.060227,656,0
COEFF   -0.071250,628,192
COEFF   0.060048,347,128
COEFF   -0.052394,348,0
COEFF   -0.056387,384,192
COEFF   0.055989,44,64
COEFF   -0.078772,713,0
COEFF   0.072528,503,64
COEFF   -0.078345,637,0
COEFF   0.067536,224,0
COEFF   -0.074010,710,0
COEFF   0.068153,44,0
COEFF   -0.070733,406,128
COEFF   0.057943,657,0
COEFF   0.061382,385,0
COEFF   0.077543,409,64
COEFF   -0.060627,408,64
COEFF   0.067865,475,0
COEFF   -0.067398,331,64
COEFF   -0.060325,605,0
COEFF   0.056827,568,64
COEFF   0.053944,604,192
COEFF   -0.055201,411,192
COEFF   -0.057264,626,0
COEFF   -0.056629,517,128
COEFF   0.061559,544,192
COEFF   0.054830,243,0
COEFF   -0.050817,242,192
COEFF   0.055604,240,64
COEFF   0.062442,472,128
COEFF   -0.065672,714,0
COEFF   0.065061,302,128
COEFF   0.056434,355,0
COEFF   -0.051397,356,192
COEFF   0.059890,389,64
COEFF   -0.063155,709,0
COEFF   0.060482,282,64
COEFF   -0.063980,102,0
COEFF   0.056848,503,0
COEFF   -0.065051,177,64
COEFF   -0.050187,516,0
COEFF   0.058097,514,128
COEFF   -0.047891,576,64
COEFF   0.060927,629,0
COEFF   0.057107,398,192
COEFF   -0.057003,634,0
COEFF   0.057625,233,128
COEFF   -0.064048,387,64
COEFF   0.057523,498,128
COEFF   0.057878,347,0
COEFF   -0.056878,349,0
COEFF   0.050084,596,64
COEFF   -0.055121,218,0
COEFF   0.059905,622,128
COEFF   -0.055823,539,192
COEFF   0.059084,454,0
COEFF   -0.054756,524,128
COEFF   0.056348,468,64
COEFF   0.050089,295,192
COEFF   -0.048999,494,192
COEFF   -0.047615,266,64
COEFF   0.050822,239,64
COEFF   -0.048831,212,128
COEFF   0.061410,184,0
COEFF   0.061260,254,0
COEFF   -0.061841,663,0
COEFF   -0.054957,626,64
COEFF   -0.043191,491,64
COEFF   0.052310,464,192
COEFF   0.049097,598,0
COEFF   0.050849,614,64
COEFF   -0.059799,405,192
COEFF   0.044816,245,64
COEFF   -0.050637,272,192
COEFF   0.058129,271,64
COEFF   0.052870,389,192
COEFF   -0.058947,715,0
COEFF   0.055726,282,0
COEFF   -0.056502,128,128
COEFF   -0.046165,492,64
COEFF   0.051959,459,64
COEFF   -0.049987,489,128
COEFF   0.052854,445,128
COEFF   -0.060404,682,0
COEFF   0.050824,213,64
COEFF   0.052881,642,0
COEFF   -0.058643,610,0
COEFF   0.049961,677,192
COEFF   -0.057884,161,64
COEFF   -0.050716,605,128
COEFF   0.055793,371,0
COEFF   0.047850,158,192
COEFF   -0.050846,214,192
COEFF   -0.048506,344,192
COEFF   0.054728,633,192
COEFF   0.049978,373,0
COEFF   -0.049595,345,192
COEFF   0.050082,345,128
COEFF   -0.048699,292,0
COEFF   -0.045435,123,0
COEFF   0.052743,190,128
COEFF   -0.052467,276,0
COEFF   0.053963,533,0
COEFF   -0.058193,379,192
COEFF   0.043190,653,0
COEFF   0.048399,513,0
COEFF   -0.044400,430,0
COEFF   0.055252,403,0
COEFF   -0.048685,376,0
COEFF   0.056754,348,192
COEFF   -0.045011,404,0
COEFF   0.050155,405,0
COEFF   -0.048000,350,64
COEFF   0.044123,349,128
COEFF   -0.042395,132,0
COEFF   0.049788,561,64
COEFF   -0.055006,257,0
COEFF   0.051654,260,64
COEFF   -0.045341,204,0
COEFF   0.051161,561,128
COEFF   -0.055664,434,128
COEFF   0.047556,407,128
COEFF   -0.048449,408,0
COEFF   0.042252,409,128
COEFF   -0.047321,716,0
COEFF   0.053529,614,0
COEFF   -0.050403,220,0
COEFF   0.050930,273,0
[0] guessed 9865 out of 10000 (98.650000%)
[0] Test Error = 0.013500
[1] Coefficients:
COEFF   1.033479,559,0
COEFF   -0.769349,437,0
COEFF   0.641028,350,192
COEFF   0.541306,489,192
COEFF   -0.445930,375,0
COEFF   0.441087,670,0
COEFF   -0.515375,234,0
COEFF   -0.319372,458,0
COEFF   0.332478,133,192
COEFF   -0.376519,523,0
COEFF   -0.288891,354,0
COEFF   0.297020,678,192
COEFF   0.302260,407,128
COEFF   -0.265778,183,0
COEFF   0.243744,323,192
COEFF   -0.218913,270,0
COEFF   -0.223618,180,0
COEFF   -0.207628,488,0
COEFF   -0.220613,373,0
COEFF   0.243316,621,64
COEFF   -0.227689,511,0
COEFF   -0.209322,628,0
COEFF   0.202435,436,192
COEFF   -0.206852,521,0
COEFF   0.180471,130,0
COEFF   -0.205040,383,0
COEFF   0.163385,69,192
COEFF   -0.185254,273,0
COEFF   -0.176032,575,0
COEFF   0.174833,294,128
COEFF   -0.127373,205,0
COEFF   0.165888,162,192
COEFF   -0.162576,484,0
COEFF   0.142604,634,64
COEFF   -0.124482,466,0
COEFF   -0.144150,212,0
COEFF   0.131553,436,128
COEFF   -0.114793,346,0
COEFF   0.134081,127,0
COEFF   -0.126072,150,0
COEFF   0.150226,72,64
COEFF   -0.135584,204,0
COEFF   0.111980,578,192
COEFF   -0.112253,538,0
COEFF   0.138348,161,64
COEFF   -0.125176,271,0
COEFF   -0.118937,210,0
COEFF   0.109787,379,192
COEFF   -0.125984,487,0
COEFF   -0.118873,629,0
COEFF   0.101732,433,192
COEFF   -0.101299,515,0
COEFF   -0.102424,401,0
COEFF   0.124242,625,192
COEFF   0.101457,238,192
COEFF   -0.093740,576,0
COEFF   0.097744,519,192
COEFF   -0.100227,411,0
COEFF   0.109820,73,192
COEFF   -0.117702,301,0
COEFF   -0.108289,547,0
COEFF   0.101009,575,192
COEFF   -0.093949,548,0
COEFF   -0.091227,215,0
COEFF   0.105158,297,192
COEFF   -0.090442,149,0
COEFF   -0.120053,324,0
COEFF   0.085803,548,128
COEFF   -0.098416,467,0
COEFF   0.098256,651,64
COEFF   -0.093561,539,0
COEFF   -0.099234,265,0
COEFF   0.103866,293,192
COEFF   -0.076090,214,0
COEFF   -0.087763,209,0
COEFF   0.084876,182,64
COEFF   -0.090066,179,0
COEFF   0.087266,381,64
COEFF   -0.076145,319,0
COEFF   0.085282,522,192
COEFF   -0.103233,274,0
COEFF   0.091058,620,192
COEFF   -0.102133,260,0
COEFF   0.097784,235,192
COEFF   -0.093230,123,128
COEFF   0.089394,636,192
COEFF   -0.089227,493,128
COEFF   0.078352,465,0
COEFF   -0.079069,436,0
COEFF   -0.080460,469,0
COEFF   0.090251,69,128
COEFF   -0.087949,439,0
COEFF   -0.080401,241,0
COEFF   0.078989,241,192
COEFF   0.064018,462,192
COEFF   -0.084619,489,128
COEFF   -0.071806,520,0
COEFF   0.074210,492,192
COEFF   -0.088787,402,64
COEFF   0.072035,596,192
COEFF   -0.074920,244,0
COEFF   -0.080023,574,0
COEFF   0.102062,546,128
COEFF   -0.068528,549,64
COEFF   0.075164,577,192
COEFF   -0.076061,232,0
COEFF   0.083862,620,128
COEFF   -0.089904,148,0
COEFF   0.078431,606,128
COEFF   0.071453,351,192
COEFF   -0.070907,602,0
COEFF   -0.067561,329,0
COEFF   0.084460,69,64
COEFF   -0.083842,123,192
COEFF   -0.075254,378,0
COEFF   0.070346,406,192
COEFF   0.069371,603,128
COEFF   -0.072259,604,0
COEFF   -0.061766,241,128
COEFF   -0.062481,350,128
COEFF   0.071959,267,192
COEFF   -0.072293,238,0
COEFF   -0.082362,316,0
COEFF   0.072925,321,192
COEFF   -0.061476,405,0
COEFF   -0.069200,510,0
COEFF   0.074776,70,0
COEFF   -0.074733,714,0
COEFF   0.069308,405,192
COEFF   -0.072402,432,0
COEFF   0.065782,242,128
COEFF   -0.074846,596,0
COEFF   0.073170,595,192
COEFF   -0.079501,711,0
COEFF   0.075852,641,128
COEFF   -0.080584,465,128
COEFF   0.061390,409,64
COEFF   -0.064416,408,0
COEFF   -0.071882,537,0
COEFF   0.070412,613,192
COEFF   -0.071599,441,0
COEFF   0.066933,74,0
COEFF   -0.071009,710,0
COEFF   0.066115,262,192
COEFF   -0.066172,263,0
COEFF   0.063949,292,192
COEFF   0.068009,490,64
COEFF   -0.060193,320,0
COEFF   0.059403,375,64
COEFF   -0.066580,156,128
COEFF   0.057364,603,192
COEFF   -0.068316,686,0
COEFF   0.060943,621,128
COEFF   -0.077362,151,64
COEFF   0.059141,181,192
COEFF   -0.060518,272,0
COEFF   -0.069901,237,0
COEFF   0.058453,237,192
COEFF   -0.058741,577,0
COEFF   0.061418,576,192
COEFF   -0.060498,152,64
COEFF   -0.060156,239,0
COEFF   0.063348,295,192
COEFF   -0.055927,431,0
COEFF   0.063509,405,128
COEFF   0.062187,409,0
COEFF   -0.055168,325,0
COEFF   0.071821,352,128
COEFF   -0.068132,352,0
COEFF   -0.066454,437,128
COEFF   0.054242,622,128
COEFF   -0.063453,510,64
COEFF   0.067031,557,0
COEFF   -0.065891,301,64
COEFF   0.060656,73,0
COEFF   -0.064548,95,0
COEFF   0.060181,459,192
COEFF   -0.054066,486,0
COEFF   0.056253,569,64
COEFF   -0.059157,568,0
COEFF   -0.056024,208,0
COEFF   0.063307,522,128
COEFF   -0.057264,374,64
COEFF   -0.057758,544,128
COEFF   0.059737,145,192
COEFF   -0.070035,315,0
COEFF   0.061217,69,0
COEFF   -0.064067,440,0
COEFF   0.059274,661,192
COEFF   -0.059489,716,0
COEFF   0.061326,73,128
COEFF   -0.062450,521,128
COEFF   -0.053031,627,0
COEFF   0.065444,571,192
COEFF   0.052367,211,192
COEFF   -0.052286,147,0
COEFF   -0.058203,601,0
COEFF   0.062125,629,192
COEFF   -0.052947,349,64
COEFF   -0.053696,713,0
COEFF   0.059897,640,0
COEFF   -0.060327,565,64
COEFF   0.057740,437,64
COEFF   -0.046726,520,64
COEFF   0.050077,548,192
COEFF   -0.055534,203,0
COEFF   0.055812,528,192
COEFF   -0.060240,410,192
COEFF   0.054805,641,64
COEFF   -0.057424,455,64
COEFF   0.054251,557,128
COEFF   -0.057147,124,128
COEFF   0.055332,606,64
COEFF   -0.050842,290,0
COEFF   0.056237,263,192
COEFF   -0.058032,207,0
COEFF   -0.054589,542,0
COEFF   -0.047389,211,0
COEFF   0.054090,351,128
COEFF   -0.051506,268,0
COEFF   0.063892,268,192
COEFF   -0.054764,269,0
COEFF   -0.064299,688,64
COEFF   0.058572,353,192
COEFF   -0.048292,298,0
COEFF   0.061137,297,128
COEFF   0.042311,266,128
COEFF   -0.040888,267,0
COEFF   -0.051828,148,64
COEFF   0.055654,608,64
COEFF   -0.049387,127,128
COEFF   0.045708,155,64
COEFF   -0.047453,603,0
COEFF   0.053144,574,192
COEFF   -0.043988,216,0
COEFF   0.056472,160,0
COEFF   -0.050072,485,0
COEFF   0.054616,513,128
COEFF   -0.053108,509,0
COEFF   0.054575,659,128
COEFF   -0.048910,182,0
COEFF   -0.045472,233,0
COEFF   0.056220,208,192
COEFF   -0.046597,346,64
COEFF   -0.049178,463,0
COEFF   -0.046202,541,64
COEFF   0.049145,598,192
COEFF   -0.051184,626,0
COEFF   -0.040085,264,0
COEFF   0.047860,491,192
[1] guessed 9907 out of 10000 (99.070000%)
[1] Test Error = 0.009300
[2] Coefficients:
COEFF   1.165322,584,0
COEFF   -0.515014,346,0
COEFF   0.491505,125,0
COEFF   0.403071,516,64
COEFF   0.440558,538,0
COEFF   -0.289928,658,0
COEFF   -0.251975,349,0
COEFF   0.260730,149,0
COEFF   -0.280575,343,0
COEFF   0.273296,492,192
COEFF   0.220679,636,0
COEFF   0.215703,487,0
COEFF   0.201370,569,64
COEFF   -0.163718,385,0
COEFF   0.173481,473,0
COEFF   -0.171373,371,128
COEFF   -0.152207,322,0
COEFF   0.160885,156,192
COEFF   0.129471,526,0
COEFF   -0.144309,317,0
COEFF   0.144662,492,0
COEFF   0.125813,501,0
COEFF   -0.145335,320,64
COEFF   -0.111262,380,64
COEFF   -0.114454,400,64
COEFF   0.116423,508,0
COEFF   -0.111875,370,192
COEFF   0.110234,637,0
COEFF   -0.109240,125,64
COEFF   0.100507,580,0
COEFF   0.089674,434,0
COEFF   0.096983,494,192
COEFF   -0.081863,516,128
COEFF   -0.076597,603,64
COEFF   0.092915,153,0
COEFF   0.079521,460,128
COEFF   -0.084666,406,192
COEFF   0.071066,500,0
COEFF   -0.103648,260,192
COEFF   0.075091,473,64
COEFF   -0.092746,401,128
COEFF   0.075396,327,64
COEFF   -0.074014,654,64
COEFF   0.072878,389,0
COEFF   -0.100017,343,192
COEFF   0.075963,474,0
COEFF   -0.087508,349,128
COEFF   0.071803,183,192
COEFF   0.069895,296,64
COEFF   -0.065311,683,128
COEFF   0.085243,417,0
COEFF   -0.087227,583,128
COEFF   0.082012,554,0
COEFF   -0.065983,126,0
COEFF   0.066562,158,128
COEFF   0.065508,519,0
COEFF   -0.086197,492,128
COEFF   0.064050,345,0
COEFF   0.058264,490,0
COEFF   0.060400,595,128
COEFF   -0.066952,216,0
COEFF   -0.055334,291,0
COEFF   0.060340,208,128
COEFF   -0.056048,601,0
COEFF   0.056761,547,0
COEFF   0.053583,634,0
COEFF   -0.061481,205,64
COEFF   0.049289,626,192
COEFF   -0.050513,379,192
COEFF   0.053048,378,0
COEFF   0.051563,445,0
COEFF   -0.075273,359,64
COEFF   0.069467,361,0
COEFF   -0.068772,582,192
COEFF   0.064605,638,64
COEFF   -0.069215,682,0
COEFF   0.054033,481,192
COEFF   -0.066669,346,192
COEFF   -0.053118,351,128
COEFF   0.059452,501,128
COEFF   -0.066892,386,192
COEFF   0.059291,472,0
COEFF   -0.060475,428,64
COEFF   0.046249,513,64
COEFF   -0.058813,515,192
COEFF   0.051280,390,0
COEFF   -0.063879,443,128
COEFF   0.057635,416,0
COEFF   -0.057640,370,128
COEFF   0.057738,553,0
COEFF   0.045890,542,0
COEFF   0.050040,690,0
COEFF   -0.068762,608,192
COEFF   0.054296,639,0
COEFF   -0.061131,711,0
COEFF   0.057420,446,0
COEFF   -0.059417,316,192
COEFF   0.048943,607,0
COEFF   -0.053193,579,128
COEFF   0.053544,622,128
COEFF   -0.049082,131,0
COEFF   0.044696,508,128
COEFF   -0.057105,176,128
COEFF   0.047069,471,0
COEFF   -0.048331,442,192
COEFF   0.052085,665,64
COEFF   -0.052438,359,128
COEFF   0.053645,388,64
COEFF   -0.051072,710,0
COEFF   0.050023,418,0
COEFF   -0.050471,369,128
COEFF   0.048774,579,0
COEFF   0.043330,624,192
COEFF   -0.051614,551,192
COEFF   0.047561,469,64
COEFF   -0.045527,440,128
COEFF   0.046107,545,128
COEFF   0.044538,483,64
COEFF   -0.042408,410,128
COEFF   0.048799,355,128
COEFF   -0.046801,510,0
COEFF   0.044075,453,128
COEFF   -0.053015,583,64
COEFF   0.049956,555,0
COEFF   -0.045601,543,192
COEFF   0.043091,269,0
COEFF   -0.042360,213,64
COEFF   -0.038810,266,0
COEFF   0.037088,543,64
COEFF   -0.037798,353,128
COEFF   0.041205,662,0
COEFF   0.044952,436,0
COEFF   0.038338,627,192
COEFF   -0.042460,153,192
COEFF   0.042913,389,64
COEFF   -0.051153,371,192
COEFF   -0.041984,434,192
COEFF   0.051726,460,192
COEFF   0.039088,608,0
COEFF   -0.050355,635,192
COEFF   0.050990,390,64
COEFF   -0.048811,709,0
COEFF   0.047560,529,128
COEFF   -0.047504,98,0
COEFF   0.039018,509,128
COEFF   -0.046810,272,192
COEFF   0.036857,373,0
COEFF   0.039985,182,0
COEFF   0.036122,474,64
COEFF   -0.048651,556,128
COEFF   0.043977,502,0
COEFF   -0.047235,401,192
COEFF   0.034361,406,0
COEFF   -0.044726,407,192
COEFF   0.045845,638,0
COEFF   -0.045841,350,192
COEFF   0.040467,267,64
COEFF   -0.035295,658,128
COEFF   0.040707,362,0
COEFF   -0.045529,359,192
COEFF   0.043349,361,64
COEFF   -0.043380,583,192
COEFF   0.040429,501,64
COEFF   -0.040524,320,192
COEFF   0.036522,597,64
COEFF   0.032928,431,64
COEFF   0.030011,151,0
COEFF   -0.038924,603,192
COEFF   0.039276,575,0
COEFF   -0.039885,600,0
COEFF   0.033142,630,192
COEFF   -0.039450,150,192
COEFF   0.037400,527,0
COEFF   -0.035850,317,64
COEFF   0.034558,292,192
COEFF   0.035034,462,0
COEFF   -0.034200,459,0
COEFF   0.031984,298,64
COEFF   -0.032009,326,192
COEFF   0.033241,333,64
COEFF   -0.041985,203,128
COEFF   0.033166,257,64
COEFF   -0.039642,132,64
COEFF   0.036725,508,192
COEFF   -0.039563,323,192
COEFF   -0.036646,264,0
COEFF   0.033932,295,128
COEFF   -0.033867,296,192
COEFF   0.032840,297,0
COEFF   0.031508,345,64
COEFF   -0.030241,398,192
COEFF   0.041511,446,64
COEFF   -0.040613,469,192
COEFF   0.034792,497,0
COEFF   -0.034457,524,192
COEFF   0.036582,666,64
COEFF   -0.037548,248,0
COEFF   0.037351,417,64
COEFF   -0.035973,191,0
COEFF   0.035818,217,192
COEFF   -0.031807,635,128
COEFF   0.037620,635,0
COEFF   0.032832,545,64
COEFF   0.034022,458,0
COEFF   -0.033476,409,64
COEFF   0.036507,408,192
COEFF   -0.033389,402,128
COEFF   -0.033512,435,64
COEFF   0.031876,464,0
COEFF   0.029622,405,0
COEFF   0.033262,474,128
COEFF   -0.037802,322,192
COEFF   -0.030590,214,0
COEFF   0.034500,156,0
COEFF   -0.028642,128,0
COEFF   0.032541,128,192
COEFF   -0.035967,100,0
COEFF   0.035192,695,0
COEFF   -0.037598,634,192
COEFF   0.029398,571,192
COEFF   -0.028075,570,0
COEFF   -0.030545,491,128
COEFF   0.026817,550,0
COEFF   -0.035505,577,128
COEFF   0.029257,628,192
COEFF   -0.032561,654,0
COEFF   0.033530,625,192
COEFF   -0.030408,160,0
COEFF   0.031837,482,192
COEFF   -0.034859,359,0
COEFF   0.036056,389,128
COEFF   -0.034978,397,192
COEFF   0.032444,425,64
COEFF   -0.033357,398,128
COEFF   0.033069,444,0
COEFF   -0.034746,443,192
COEFF   0.035222,638,128
COEFF   -0.032408,708,0
COEFF   0.033920,328,128
COEFF   -0.033154,383,0
COEFF   -0.030506,378,192
COEFF   -0.029530,212,0
COEFF   0.030676,185,64
COEFF   0.028186,489,192
COEFF   0.025731,548,0
COEFF   -0.031089,575,192
COEFF   0.031769,581,0
COEFF   -0.028009,580,128
COEFF   0.031607,388,0
COEFF   -0.035998,330,0
[2] guessed 9722 out of 10000 (97.220000%)
[2] Test Error = 0.027800
[3] Coefficients:
COEFF   1.100374,591,0
COEFF   0.541156,350,64
COEFF   0.511462,177,0
COEFF   -0.445293,517,0
COEFF   0.338741,651,0
COEFF   -0.338185,317,0
COEFF   -0.238861,486,0
COEFF   0.245200,173,0
COEFF   0.219370,296,0
COEFF   0.194701,466,0
COEFF   0.188416,682,0
COEFF   -0.187276,400,0
COEFF   0.184088,125,64
COEFF   0.171638,381,0
COEFF   0.141163,536,0
COEFF   -0.170043,542,64
COEFF   -0.143259,290,64
COEFF   0.149670,578,0
COEFF   0.144739,710,0
COEFF   0.131164,183,0
COEFF   0.102176,404,64
COEFF   0.102111,508,128
COEFF   -0.135866,189,0
COEFF   -0.102833,205,128
COEFF   0.124691,678,64
COEFF   -0.121368,456,0
COEFF   0.104335,326,0
COEFF   -0.098307,573,0
COEFF   0.106317,267,0
COEFF   0.116391,537,0
COEFF   -0.109188,291,64
COEFF   0.093245,495,0
COEFF   -0.091718,315,64
COEFF   0.124190,200,0
COEFF   -0.095619,399,0
COEFF   0.082390,380,192
COEFF   0.079754,677,0
COEFF   -0.098565,218,0
COEFF   -0.082012,489,0
COEFF   -0.085323,350,128
COEFF   0.090986,322,192
COEFF   -0.081295,465,192
COEFF   0.082102,272,192
COEFF   0.075648,378,0
COEFF   0.078186,99,0
COEFF   -0.091037,571,128
COEFF   0.075115,241,0
COEFF   0.071001,479,0
COEFF   -0.089624,316,128
COEFF   -0.065932,158,0
COEFF   0.075862,100,0
COEFF   -0.083671,485,64
COEFF   0.074691,180,0
COEFF   0.072991,548,192
COEFF   -0.062890,178,128
COEFF   0.077815,468,128
COEFF   -0.064652,373,64
COEFF   0.067980,678,128
COEFF   -0.080104,357,64
COEFF   0.068289,633,0
COEFF   0.072375,271,192
COEFF   -0.068281,262,0
COEFF   0.050889,712,0
COEFF   -0.070697,517,192
COEFF   0.051147,407,64
COEFF   0.061887,480,64
COEFF   -0.067066,624,192
COEFF   -0.048901,463,128
COEFF   0.050625,708,64
COEFF   0.063681,325,0
COEFF   -0.054604,233,128
COEFF   0.052096,229,0
COEFF   0.058101,238,0
COEFF   0.060022,152,0
COEFF   -0.057843,178,192
COEFF   0.060289,274,192
COEFF   -0.057575,592,192
COEFF   0.057485,676,0
COEFF   -0.058659,386,64
COEFF   0.057469,526,128
COEFF   -0.053951,378,192
COEFF   0.052394,521,0
COEFF   -0.047231,291,128
COEFF   0.047738,318,0
COEFF   -0.046390,374,128
COEFF   0.050395,678,0
COEFF   -0.058610,486,128
COEFF   0.045836,552,0
COEFF   0.050274,406,64
COEFF   0.044322,517,64
COEFF   -0.046605,546,0
COEFF   0.047709,574,192
COEFF   -0.049673,371,192
COEFF   0.053972,690,0
COEFF   -0.046942,232,64
COEFF   -0.044188,572,0
COEFF   -0.043166,263,0
COEFF   0.046947,411,0
COEFF   0.046745,270,0
COEFF   0.044950,320,0
COEFF   0.042182,507,64
COEFF   -0.058555,319,192
COEFF   -0.042523,430,128
COEFF   0.048840,470,0
COEFF   -0.048399,385,64
COEFF   0.052090,709,192
COEFF   -0.051193,592,128
COEFF   0.048026,677,64
COEFF   -0.051708,343,128
COEFF   0.043666,375,0
COEFF   -0.050217,349,64
COEFF   0.044447,102,0
COEFF   0.044847,605,0
COEFF   -0.040113,578,128
COEFF   0.036835,184,64
COEFF   0.040026,294,192
COEFF   -0.040424,513,64
COEFF   0.040842,693,128
COEFF   -0.049418,374,192
COEFF   0.038905,376,64
COEFF   -0.035515,154,192
COEFF   0.044679,151,0
COEFF   -0.044152,180,192
COEFF   0.040473,451,0
COEFF   0.048040,409,0
COEFF   -0.043815,437,192
COEFF   0.036350,465,0
COEFF   0.042710,471,128
COEFF   0.046707,181,0
COEFF   -0.038731,464,192
COEFF   0.040234,518,64
COEFF   0.035365,268,0
COEFF   0.039519,274,128
COEFF   -0.045312,543,128
COEFF   -0.036344,265,192
COEFF   0.039505,99,64
COEFF   -0.043916,427,64
COEFF   0.041057,469,192
COEFF   -0.042902,610,0
COEFF   0.042926,694,64
COEFF   -0.045915,556,0
COEFF   0.042988,145,0
COEFF   -0.042074,619,0
COEFF   0.042991,300,64
COEFF   -0.032404,491,128
COEFF   0.034948,436,128
COEFF   -0.033462,379,192
COEFF   0.035097,352,128
COEFF   0.037382,693,192
COEFF   -0.043006,190,0
COEFF   0.033311,649,64
COEFF   -0.041623,315,128
COEFF   0.036756,372,0
COEFF   -0.040649,345,192
COEFF   0.043189,256,128
COEFF   -0.039562,456,192
COEFF   0.035040,525,192
COEFF   -0.034878,411,192
COEFF   0.032822,523,0
COEFF   -0.030619,549,192
COEFF   0.033846,104,0
COEFF   -0.040251,386,0
COEFF   0.036053,712,64
COEFF   0.034821,520,0
COEFF   -0.034772,464,128
COEFF   0.029925,266,0
COEFF   0.032085,156,128
COEFF   0.030722,434,64
COEFF   -0.030462,432,0
COEFF   0.031241,377,0
COEFF   0.033863,634,64
COEFF   -0.036702,377,192
COEFF   -0.031449,659,0
COEFF   0.035589,631,0
COEFF   0.035880,507,0
COEFF   -0.040833,153,192
COEFF   0.032858,152,64
COEFF   -0.032277,541,192
COEFF   -0.032458,630,128
COEFF   0.031115,244,128
COEFF   -0.030703,652,64
COEFF   0.031809,650,128
COEFF   -0.038259,593,192
COEFF   0.034325,745,192
COEFF   -0.039565,342,128
COEFF   0.036584,499,128
COEFF   -0.035734,611,0
COEFF   0.035600,145,64
COEFF   -0.036492,344,192
COEFF   0.032386,345,0
COEFF   -0.030627,347,192
COEFF   0.032068,100,192
COEFF   0.037026,629,0
COEFF   -0.030980,600,128
COEFF   0.029537,350,192
COEFF   0.030200,493,0
COEFF   0.026785,516,0
COEFF   -0.031512,490,64
COEFF   0.026213,666,192
COEFF   -0.037651,317,192
COEFF   0.031683,317,64
COEFF   -0.032087,494,192
COEFF   0.028135,210,128
COEFF   -0.031879,238,64
COEFF   0.027554,240,0
COEFF   0.034220,746,64
COEFF   -0.035532,528,0
COEFF   0.034187,648,128
COEFF   -0.034985,591,64
COEFF   0.034295,479,128
COEFF   -0.035273,660,192
COEFF   -0.031621,268,128
COEFF   0.030028,203,0
COEFF   -0.029611,205,64
COEFF   0.029292,661,0
COEFF   -0.030208,373,192
COEFF   0.031355,293,192
COEFF   -0.032276,292,128
COEFF   0.029857,440,64
COEFF   0.028658,492,0
COEFF   0.027244,627,128
COEFF   -0.029478,215,0
COEFF   0.031516,242,64
COEFF   0.025070,550,0
COEFF   -0.026824,156,0
COEFF   0.027562,188,192
COEFF   -0.034447,286,192
COEFF   0.035055,472,192
COEFF   -0.036537,248,0
COEFF   0.034651,275,64
COEFF   -0.030348,510,128
COEFF   0.030467,128,64
COEFF   -0.029334,570,64
COEFF   0.026749,543,0
COEFF   -0.032756,487,64
COEFF   0.028188,553,64
COEFF   0.030626,406,0
COEFF   -0.029119,379,128
COEFF   0.029152,353,0
COEFF   0.028422,705,64
COEFF   -0.033476,399,128
COEFF   0.028751,472,128
COEFF   -0.033142,584,0
COEFF   0.032247,479,64
COEFF   -0.032097,518,192
COEFF   0.027002,519,128
COEFF   -0.032882,492,128
COEFF   -0.023626,289,64
COEFF   0.028182,694,0
COEFF   -0.031057,125,128
[3] guessed 9676 out of 10000 (96.760000%)
[3] Test Error = 0.032400
[4] Coefficients:
COEFF   1.113416,0,0
COEFF   -0.588953,211,0
COEFF   0.522368,429,64
COEFF   -0.451614,570,0
COEFF   0.339137,463,192
COEFF   0.367872,426,128
COEFF   -0.280281,602,0
COEFF   0.313948,374,0
COEFF   -0.242745,551,0
COEFF   -0.254183,237,0
COEFF   0.239587,437,192
COEFF   0.254005,163,0
COEFF   -0.256732,596,0
COEFF   0.189470,190,0
COEFF   0.178772,353,0
COEFF   -0.162236,600,0
COEFF   0.194591,347,128
COEFF   0.163697,399,128
COEFF   -0.176449,577,0
COEFF   -0.150102,240,64
COEFF   -0.136155,208,64
COEFF   0.131641,380,192
COEFF   -0.128424,628,0
COEFF   0.144657,396,128
COEFF   -0.155788,322,128
COEFF   0.114413,490,192
COEFF   0.110733,375,64
COEFF   0.115079,372,128
COEFF   -0.122761,429,128
COEFF   -0.117250,569,0
COEFF   0.129091,424,192
COEFF   -0.136154,206,64
COEFF   -0.126309,266,0
COEFF   0.111209,460,64
COEFF   0.098915,320,192
COEFF   -0.109127,125,0
COEFF   0.126342,663,64
COEFF   -0.113694,214,192
COEFF   0.099593,456,128
COEFF   0.098179,403,64
COEFF   0.088357,519,128
COEFF   -0.080427,300,0
COEFF   0.091224,397,192
COEFF   -0.111243,124,0
COEFF   -0.092239,295,0
COEFF   0.092272,732,64
COEFF   -0.105483,580,0
COEFF   -0.085053,406,0
COEFF   -0.078144,712,0
COEFF   0.101652,396,192
COEFF   0.095697,408,128
COEFF   -0.077927,238,0
COEFF   -0.084483,207,128
COEFF   -0.082333,242,0
COEFF   0.078641,663,0
COEFF   0.089419,319,0
COEFF   -0.067415,578,0
COEFF   0.077356,439,0
COEFF   0.075401,661,0
COEFF   0.075298,517,64
COEFF   -0.084890,514,64
COEFF   0.082042,483,192
COEFF   -0.090117,301,0
COEFF   0.067082,189,0
COEFF   -0.084408,623,64
COEFF   0.087940,220,0
COEFF   -0.084722,294,128
COEFF   0.075778,296,0
COEFF   0.065803,404,128
COEFF   -0.078140,378,0
COEFF   -0.062010,263,128
COEFF   0.066647,345,128
COEFF   -0.069008,429,0
COEFF   -0.065907,538,64
COEFF   0.075423,516,128
COEFF   0.061220,432,0
COEFF   0.075886,694,0
COEFF   -0.081553,123,0
COEFF   0.072695,733,192
COEFF   -0.079596,624,0
COEFF   0.064863,161,0
COEFF   -0.069488,211,192
COEFF   0.062401,492,128
COEFF   0.058062,376,192
COEFF   -0.060236,260,192
COEFF   0.070972,732,0
COEFF   -0.079537,98,0
COEFF   0.068551,665,128
COEFF   -0.072516,656,128
COEFF   -0.056057,241,128
COEFF   0.063878,704,64
COEFF   -0.075143,716,0
COEFF   0.060694,344,128
COEFF   -0.053906,541,64
COEFF   0.073671,192,0
COEFF   -0.067817,426,64
COEFF   0.061728,456,192
COEFF   -0.057473,179,128
COEFF   0.062104,157,0
COEFF   -0.054784,349,0
COEFF   0.059411,323,192
COEFF   -0.067524,128,0
COEFF   0.058977,704,0
COEFF   -0.069958,470,128
COEFF   0.057374,201,128
COEFF   0.068691,437,0
COEFF   0.052919,348,192
COEFF   -0.069073,294,64
COEFF   0.048958,571,128
COEFF   -0.067855,599,0
COEFF   -0.052998,487,128
COEFF   0.054332,734,192
COEFF   -0.071325,717,0
COEFF   0.059086,705,192
COEFF   -0.071747,713,0
COEFF   0.055432,135,64
COEFF   -0.064714,594,64
COEFF   0.058744,248,128
COEFF   -0.060461,96,0
COEFF   0.061194,528,192
COEFF   -0.060424,554,128
COEFF   0.056577,452,192
COEFF   -0.057521,157,192
COEFF   0.049988,156,0
COEFF   0.048565,407,192
COEFF   -0.055092,379,0
COEFF   -0.056031,181,128
COEFF   0.054749,179,0
COEFF   -0.055171,260,0
COEFF   0.052291,352,128
COEFF   0.052051,439,64
COEFF   -0.045294,185,128
COEFF   0.050852,186,0
COEFF   -0.047959,186,128
COEFF   0.062114,733,128
COEFF   -0.055979,540,64
COEFF   -0.048822,262,64
COEFF   -0.044681,433,128
COEFF   0.042187,434,128
COEFF   0.046746,446,192
COEFF   -0.058591,625,0
COEFF   0.046819,188,0
COEFF   0.046558,345,0
COEFF   0.041053,488,64
COEFF   -0.057366,488,192
COEFF   0.052821,733,64
COEFF   -0.055339,217,192
COEFF   0.048359,598,128
COEFF   -0.044329,685,128
COEFF   0.044394,574,192
COEFF   -0.050168,571,0
COEFF   0.042810,191,0
COEFF   -0.050046,258,0
COEFF   0.044074,201,64
COEFF   -0.051838,101,64
COEFF   0.046943,249,192
COEFF   -0.050286,714,0
COEFF   -0.040013,374,64
COEFF   0.039397,374,192
COEFF   -0.040550,350,0
COEFF   0.051955,351,192
COEFF   -0.046032,151,64
COEFF   -0.042487,407,0
COEFF   0.049915,408,64
COEFF   0.045842,361,0
COEFF   -0.050361,718,0
COEFF   0.044810,136,128
COEFF   -0.050360,623,128
COEFF   0.046828,705,128
COEFF   -0.049021,600,192
COEFF   0.043400,599,192
COEFF   -0.047106,97,0
COEFF   0.043450,222,192
COEFF   -0.048920,625,64
COEFF   0.038479,219,128
COEFF   -0.043890,266,128
COEFF   -0.038034,209,64
COEFF   0.046664,292,64
COEFF   -0.037704,293,0
COEFF   0.040834,238,192
COEFF   -0.039623,330,128
COEFF   0.042832,134,128
COEFF   -0.045710,741,0
COEFF   0.044003,446,128
COEFF   -0.044971,95,0
COEFF   0.043132,528,64
COEFF   -0.044217,100,0
COEFF   0.041767,412,0
COEFF   0.036180,379,192
COEFF   -0.035826,296,128
COEFF   0.036202,493,192
COEFF   -0.043561,521,192
COEFF   0.039456,200,0
COEFF   -0.049923,469,64
COEFF   0.037362,513,192
COEFF   -0.040974,243,192
COEFF   0.037636,297,0
COEFF   0.040066,733,0
COEFF   -0.043825,405,192
COEFF   0.043197,404,64
COEFF   -0.035596,402,128
COEFF   0.038575,463,64
COEFF   -0.044355,463,128
COEFF   0.037850,518,128
COEFF   -0.038870,514,192
COEFF   0.039990,221,128
COEFF   -0.048780,710,0
COEFF   0.041410,136,192
COEFF   -0.045475,657,128
COEFF   0.030771,403,128
COEFF   0.033626,456,64
COEFF   -0.035582,486,64
COEFF   0.033373,489,128
COEFF   -0.031297,268,0
COEFF   -0.033974,329,0
COEFF   0.040473,425,192
COEFF   -0.043652,129,128
COEFF   0.039893,474,192
COEFF   -0.045137,189,192
COEFF   0.040527,217,0
COEFF   -0.031827,426,192
COEFF   0.042313,390,128
COEFF   -0.041413,565,64
COEFF   0.040809,158,0
COEFF   -0.033183,157,64
COEFF   0.036243,250,0
COEFF   -0.040326,122,0
COEFF   0.037308,446,64
COEFF   -0.040654,72,0
COEFF   0.038833,360,192
COEFF   -0.041166,653,0
COEFF   0.030425,240,192
COEFF   -0.032562,241,64
COEFF   0.028945,435,128
COEFF   -0.037560,434,0
COEFF   -0.032054,182,64
COEFF   0.035651,155,0
COEFF   0.037043,381,0
COEFF   0.030370,163,128
COEFF   -0.041959,743,0
COEFF   0.040533,229,192
COEFF   -0.040512,581,0
COEFF   0.036391,637,128
COEFF   -0.040964,102,64
COEFF   0.038680,705,0
COEFF   -0.039535,742,0
COEFF   0.037360,137,128
COEFF   -0.037849,471,64
COEFF   0.035057,371,128
COEFF   -0.036380,354,192
[4] guessed 9743 out of 10000 (97.430000%)
[4] Test Error = 0.025700
[5] Coefficients:
COEFF   1.203327,221,0
COEFF   -0.412632,326,0
COEFF   0.386028,347,64
COEFF   0.340018,162,0
COEFF   -0.351957,489,0
COEFF   0.208178,276,0
COEFF   -0.297627,357,0
COEFF   -0.247418,408,0
COEFF   -0.204363,574,64
COEFF   0.195564,376,128
COEFF   -0.183979,486,64
COEFF   0.200744,191,0
COEFF   -0.145043,455,128
COEFF   0.163960,289,64
COEFF   -0.147500,240,0
COEFF   0.121470,321,64
COEFF   -0.109330,381,64
COEFF   0.109162,402,128
COEFF   -0.113805,328,64
COEFF   0.164340,305,0
COEFF   -0.147565,358,64
COEFF   0.148990,538,0
COEFF   -0.117979,435,64
COEFF   0.110791,290,0
COEFF   -0.118670,549,0
COEFF   -0.104308,299,0
COEFF   -0.102469,183,0
COEFF   -0.101009,386,0
COEFF   0.133984,609,128
COEFF   -0.106125,515,64
COEFF   0.111457,188,0
COEFF   -0.097288,456,64
COEFF   0.101596,277,64
COEFF   -0.122486,387,64
COEFF   0.102010,276,64
COEFF   -0.084683,269,0
COEFF   0.083301,597,0
COEFF   -0.089191,153,0
COEFF   0.087409,207,192
COEFF   -0.097694,595,192
COEFF   0.079493,292,64
COEFF   0.082908,509,0
COEFF   -0.090901,330,0
COEFF   0.083660,287,192
COEFF   -0.093925,412,0
COEFF   -0.087422,434,192
COEFF   0.077228,372,64
COEFF   -0.065678,267,0
COEFF   -0.070572,382,64
COEFF   -0.060551,387,0
COEFF   0.098525,610,128
COEFF   -0.076130,387,128
COEFF   0.080028,304,64
COEFF   -0.070553,489,192
COEFF   0.063571,568,0
COEFF   -0.058989,210,0
COEFF   -0.064016,455,192
COEFF   0.075003,130,192
COEFF   -0.066029,125,64
COEFF   0.068859,606,192
COEFF   -0.059312,468,0
COEFF   0.062332,263,128
COEFF   -0.057335,408,192
COEFF   0.060105,636,128
COEFF   -0.073398,359,192
COEFF   0.070129,481,0
COEFF   -0.057125,539,192
COEFF   0.059058,321,192
COEFF   -0.050748,296,0
COEFF   -0.045759,347,128
COEFF   0.052529,346,128
COEFF   -0.048354,208,0
COEFF   0.055287,626,0
COEFF   0.050307,404,192
COEFF   -0.051828,328,128
COEFF   0.064027,259,192
COEFF   -0.064187,442,0
COEFF   0.054907,537,0
COEFF   -0.050346,486,192
COEFF   0.053619,305,64
COEFF   -0.064221,175,64
COEFF   0.060187,206,192
COEFF   -0.055991,205,0
COEFF   0.049290,181,192
COEFF   -0.051086,625,128
COEFF   -0.046436,406,192
COEFF   0.052669,711,0
COEFF   -0.058211,359,128
COEFF   0.059426,333,0
COEFF   -0.060227,326,192
COEFF   0.053208,325,128
COEFF   -0.042801,462,128
COEFF   -0.047729,438,0
COEFF   0.045381,292,192
COEFF   0.043836,378,0
COEFF   -0.053636,379,128
COEFF   0.049107,260,128
COEFF   -0.055447,359,64
COEFF   0.058567,102,192
COEFF   -0.052061,416,0
COEFF   0.054027,595,0
COEFF   -0.047889,567,192
COEFF   0.065623,583,128
COEFF   -0.051787,202,0
COEFF   0.047506,275,0
COEFF   -0.049718,271,64
COEFF   0.040559,373,0
COEFF   0.045151,314,128
COEFF   -0.055914,413,64
COEFF   0.044099,524,192
COEFF   -0.038516,467,0
COEFF   0.038641,494,128
COEFF   -0.043027,388,0
COEFF   0.047950,555,128
COEFF   -0.048842,124,64
COEFF   0.042150,510,0
COEFF   -0.044833,484,64
COEFF   0.042635,485,0
COEFF   -0.042015,459,64
COEFF   0.045946,306,0
COEFF   -0.055399,330,64
COEFF   0.042042,277,128
COEFF   -0.046777,464,128
COEFF   -0.040564,624,192
COEFF   0.043811,262,64
COEFF   -0.043523,234,0
COEFF   0.043635,629,192
COEFF   -0.035850,293,0
COEFF   -0.036674,156,0
COEFF   0.046680,625,0
COEFF   -0.035106,655,192
COEFF   0.043669,684,128
COEFF   -0.039752,386,64
COEFF   0.041958,362,0
COEFF   -0.043032,416,64
COEFF   0.040640,454,0
COEFF   -0.037955,270,0
COEFF   -0.034571,427,192
COEFF   0.044418,649,192
COEFF   -0.042844,125,192
COEFF   0.039506,582,128
COEFF   -0.040020,175,0
COEFF   0.040776,204,192
COEFF   -0.040517,203,0
COEFF   -0.038041,211,64
COEFF   0.046654,212,192
COEFF   -0.033383,409,192
COEFF   0.037400,205,192
COEFF   -0.041373,454,192
COEFF   0.038452,424,0
COEFF   -0.040761,327,192
COEFF   0.036156,304,0
COEFF   -0.041605,360,64
COEFF   0.040127,343,192
COEFF   -0.038166,177,0
COEFF   0.035828,179,192
COEFF   -0.035487,457,128
COEFF   0.036664,429,64
COEFF   0.034144,596,0
COEFF   -0.035669,596,192
COEFF   0.035744,264,192
COEFF   -0.040101,209,0
COEFF   0.035862,210,128
COEFF   -0.041369,239,128
COEFF   -0.030686,351,192
COEFF   0.040524,349,192
COEFF   -0.034856,377,192
COEFF   0.040753,405,0
COEFF   0.038667,565,0
COEFF   -0.036695,433,192
COEFF   0.035348,235,192
COEFF   -0.036656,207,0
COEFF   -0.038502,566,192
COEFF   0.040060,333,128
COEFF   -0.041585,387,192
COEFF   0.038926,204,128
COEFF   -0.032576,300,128
COEFF   0.034868,567,0
COEFF   0.033656,290,64
COEFF   -0.037875,523,0
COEFF   -0.028747,317,0
COEFF   0.033287,208,192
COEFF   -0.035608,650,0
COEFF   0.038329,104,192
COEFF   -0.038344,193,0
COEFF   0.038124,163,192
COEFF   -0.037667,190,192
COEFF   0.038491,216,0
COEFF   -0.029626,603,64
COEFF   0.031753,603,192
COEFF   -0.031769,567,128
COEFF   0.032862,248,0
COEFF   -0.037949,246,192
COEFF   0.036604,496,192
COEFF   -0.034172,469,64
COEFF   0.036594,593,0
COEFF   -0.031794,457,192
COEFF   0.029897,486,0
COEFF   -0.032679,542,128
COEFF   0.036695,482,0
COEFF   -0.029954,483,192
COEFF   0.038024,362,64
COEFF   -0.040894,622,128
COEFF   0.031864,305,128
COEFF   -0.039863,487,192
COEFF   0.035516,544,64
COEFF   0.037082,655,0
COEFF   -0.027277,654,192
COEFF   0.032258,665,0
COEFF   -0.034999,228,0
COEFF   0.036661,361,192
COEFF   -0.034594,256,0
COEFF   0.033892,163,128
COEFF   -0.032451,357,192
COEFF   0.032586,440,192
COEFF   -0.029435,206,0
COEFF   0.030918,234,192
COEFF   -0.035045,454,128
COEFF   -0.029337,601,0
COEFF   0.036289,601,192
COEFF   -0.030715,488,128
COEFF   0.032933,488,0
COEFF   -0.027496,601,64
COEFF   0.033359,629,64
COEFF   -0.029251,212,0
COEFF   -0.027725,381,192
COEFF   0.029384,539,0
COEFF   -0.033665,512,64
COEFF   0.032323,371,192
COEFF   -0.032571,399,192
COEFF   0.031056,456,0
COEFF   -0.025848,400,128
COEFF   0.034050,649,128
COEFF   -0.033136,485,192
COEFF   0.031344,373,64
COEFF   0.027640,520,0
COEFF   0.029544,178,192
COEFF   -0.029383,462,64
COEFF   -0.031212,152,0
COEFF   -0.029125,347,0
COEFF   0.033477,376,0
COEFF   -0.029460,375,192
COEFF   0.030712,632,192
COEFF   0.029642,320,192
COEFF   0.029764,402,0
COEFF   -0.026453,297,0
COEFF   -0.029860,237,0
COEFF   -0.029560,204,0
COEFF   0.029859,636,64
COEFF   -0.031357,189,192
[5] guessed 9606 out of 10000 (96.060000%)
[5] Test Error = 0.039400
[6] Coefficients:
COEFF   1.231567,72,0
COEFF   -0.628694,242,0
COEFF   0.605853,514,128
COEFF   0.453248,103,0
COEFF   -0.495780,657,0
COEFF   0.388233,601,64
COEFF   0.340612,402,128
COEFF   0.315994,414,0
COEFF   -0.357124,271,0
COEFF   -0.257134,211,0
COEFF   0.271484,348,128
COEFF   0.220027,550,0
COEFF   0.191543,544,128
COEFF   0.195063,133,64
COEFF   -0.258858,566,0
COEFF   0.199266,387,64
COEFF   -0.230843,296,64
COEFF   -0.176560,208,0
COEFF   0.157810,542,0
COEFF   0.149244,67,0
COEFF   -0.195382,245,64
COEFF   0.149151,400,64
COEFF   0.161562,459,192
COEFF   0.166179,601,0
COEFF   0.148951,388,64
COEFF   -0.169593,240,64
COEFF   -0.169225,327,0
COEFF   -0.146845,153,64
COEFF   0.154467,106,0
COEFF   0.161622,462,0
COEFF   0.153341,496,0
COEFF   0.149309,630,128
COEFF   -0.124106,653,0
COEFF   0.146412,164,64
COEFF   -0.144771,537,0
COEFF   0.114042,133,192
COEFF   0.138334,575,0
COEFF   -0.110930,514,64
COEFF   0.114277,484,64
COEFF   -0.112489,178,0
COEFF   0.112396,68,0
COEFF   0.139614,571,0
COEFF   -0.108170,211,64
COEFF   0.106040,403,128
COEFF   0.092406,408,128
COEFF   -0.091295,402,64
COEFF   0.091362,346,0
COEFF   0.095035,487,64
COEFF   0.107657,359,128
COEFF   -0.135116,218,0
COEFF   0.095635,369,128
COEFF   -0.115527,324,64
COEFF   -0.104606,438,192
COEFF   -0.087739,514,192
COEFF   0.102054,66,0
COEFF   -0.119932,302,64
COEFF   0.099441,467,0
COEFF   0.100484,76,0
COEFF   0.113405,461,0
COEFF   -0.118384,433,192
COEFF   0.086473,541,0
COEFF   0.097584,360,128
COEFF   0.101653,603,0
COEFF   -0.104188,155,64
COEFF   -0.090023,179,0
COEFF   0.081459,431,192
COEFF   -0.099442,267,64
COEFF   0.093912,164,128
COEFF   -0.094952,566,192
COEFF   0.085247,75,64
COEFF   -0.096454,73,0
COEFF   0.086072,77,0
COEFF   0.099969,570,0
COEFF   0.083670,516,128
COEFF   -0.085553,354,0
COEFF   0.072850,343,0
COEFF   -0.088234,217,0
COEFF   0.087411,657,64
COEFF   -0.083775,178,128
COEFF   0.083215,97,0
COEFF   0.075630,522,0
COEFF   -0.089215,523,192
COEFF   0.081310,66,64
COEFF   -0.086750,72,64
COEFF   0.080309,387,192
COEFF   -0.080320,301,128
COEFF   -0.069263,238,0
COEFF   0.071418,628,192
COEFF   0.069699,434,0
COEFF   -0.072538,461,192
COEFF   0.085579,41,0
COEFF   0.089161,489,0
COEFF   -0.086434,491,192
COEFF   0.067911,521,0
COEFF   0.070004,78,0
COEFF   -0.076590,580,192
COEFF   -0.065129,436,192
COEFF   0.070931,370,128
COEFF   0.085841,435,0
COEFF   -0.072565,462,192
COEFF   0.063231,162,192
COEFF   -0.075648,275,0
COEFF   -0.070733,213,0
COEFF   0.074162,76,128
COEFF   0.075182,600,0
COEFF   0.067256,456,0
COEFF   -0.070819,568,0
COEFF   -0.070327,207,0
COEFF   0.071161,634,0
COEFF   0.063856,491,0
COEFF   -0.072131,492,192
COEFF   0.060704,69,192
COEFF   -0.074869,684,0
COEFF   0.065496,75,128
COEFF   -0.071344,100,128
COEFF   0.061629,575,192
COEFF   -0.060309,549,128
COEFF   -0.055911,378,192
COEFF   0.067443,167,64
COEFF   0.075442,548,0
COEFF   -0.058439,300,0
COEFF   0.063482,440,128
COEFF   0.054354,404,192
COEFF   -0.061176,267,192
COEFF   0.062059,193,128
COEFF   -0.068782,125,64
COEFF   -0.061280,188,64
COEFF   0.063955,69,0
COEFF   0.068031,514,0
COEFF   0.062976,629,64
COEFF   0.062642,483,128
COEFF   -0.062087,469,192
COEFF   0.058695,386,128
COEFF   -0.059397,467,192
COEFF   0.051246,495,0
COEFF   0.050199,108,0
COEFF   -0.069275,246,64
COEFF   0.052193,139,0
COEFF   -0.066352,528,0
COEFF   0.058150,67,64
COEFF   -0.065251,297,128
COEFF   -0.058585,437,192
COEFF   0.060906,243,0
COEFF   -0.065963,186,0
COEFF   0.055703,436,0
COEFF   0.057628,78,64
COEFF   -0.067124,327,192
COEFF   0.051499,605,64
COEFF   -0.062358,577,128
COEFF   0.051944,517,64
COEFF   0.057313,598,192
COEFF   -0.051944,435,192
COEFF   0.048584,313,64
COEFF   -0.060460,204,0
COEFF   -0.051118,156,64
COEFF   0.060295,605,0
COEFF   -0.057610,291,0
COEFF   0.061447,345,0
COEFF   0.058406,431,128
COEFF   -0.052972,216,0
COEFF   0.064926,75,0
COEFF   -0.070796,151,128
COEFF   0.051963,574,192
COEFF   0.050172,79,64
COEFF   -0.067672,104,0
COEFF   0.056751,158,192
COEFF   -0.059786,237,128
COEFF   -0.048504,268,64
COEFF   0.056913,64,0
COEFF   0.065204,572,0
COEFF   -0.053313,573,128
COEFF   0.049324,519,128
COEFF   -0.050675,465,192
COEFF   0.047937,494,0
COEFF   0.057086,167,0
COEFF   -0.063136,452,0
COEFF   0.057977,40,64
COEFF   -0.056855,683,0
COEFF   0.052859,41,128
COEFF   -0.055316,480,0
COEFF   0.052908,160,192
COEFF   -0.051798,188,128
COEFF   0.049253,214,128
COEFF   0.045909,434,64
COEFF   -0.058236,406,192
COEFF   0.050252,379,0
COEFF   0.055160,369,192
COEFF   -0.057315,269,64
COEFF   -0.047060,409,192
COEFF   0.043835,76,64
COEFF   -0.055858,219,0
COEFF   0.047234,191,192
COEFF   -0.055154,556,0
COEFF   0.051488,166,192
COEFF   -0.053230,174,0
COEFF   0.048137,370,64
COEFF   0.048752,458,64
COEFF   -0.048897,299,0
COEFF   0.044127,511,64
COEFF   -0.045944,187,0
COEFF   0.046012,243,192
COEFF   -0.050540,524,192
COEFF   0.049297,551,0
COEFF   -0.052509,550,192
COEFF   0.050292,79,128
COEFF   0.056374,571,64
COEFF   -0.047321,323,64
COEFF   0.052494,324,192
COEFF   -0.054548,272,0
COEFF   -0.041490,152,0
COEFF   0.047415,344,0
COEFF   0.038969,604,64
COEFF   -0.042998,603,192
COEFF   0.041734,41,64
COEFF   -0.060037,191,0
COEFF   0.048022,161,192
COEFF   0.050747,574,64
COEFF   -0.042020,548,192
COEFF   0.039076,658,192
COEFF   -0.054193,581,0
COEFF   -0.039787,319,64
COEFF   0.043672,154,128
COEFF   -0.044619,127,192
COEFF   0.049081,166,128
COEFF   -0.055365,686,0
COEFF   0.049399,77,64
COEFF   -0.053494,130,192
COEFF   -0.042109,351,64
COEFF   0.051715,379,192
COEFF   -0.045056,407,192
COEFF   0.042757,463,0
COEFF   0.049276,631,128
COEFF   0.044145,412,0
COEFF   -0.046736,261,0
COEFF   -0.043555,463,192
COEFF   0.052435,65,0
COEFF   -0.050269,266,192
COEFF   0.045174,516,64
COEFF   -0.040410,515,192
COEFF   0.048443,487,128
COEFF   0.042977,569,0
COEFF   0.047618,138,0
COEFF   -0.053518,242,192
COEFF   0.038375,376,192
COEFF   0.042460,428,0
COEFF   -0.043912,540,128
COEFF   0.037843,166,0
COEFF   -0.049695,622,64
COEFF   0.046939,40,128
COEFF   0.049294,576,0
[6] guessed 9824 out of 10000 (98.240000%)
[6] Test Error = 0.017600
[7] Coefficients:
COEFF   1.187066,740,0
COEFF   -0.613129,405,0
COEFF   0.492180,709,0
COEFF   -0.539642,155,0
COEFF   0.420202,231,0
COEFF   -0.399228,401,0
COEFF   0.318886,296,64
COEFF   0.309534,715,0
COEFF   -0.316851,578,0
COEFF   -0.284271,432,0
COEFF   0.231159,744,0
COEFF   -0.273023,540,0
COEFF   0.213836,679,0
COEFF   -0.224914,376,0
COEFF   0.168546,438,0
COEFF   -0.181043,603,0
COEFF   0.175717,266,128
COEFF   -0.168264,485,0
COEFF   0.186916,284,0
COEFF   -0.197780,580,0
COEFF   0.152523,311,0
COEFF   -0.169620,740,64
COEFF   0.157304,298,192
COEFF   0.137112,207,64
COEFF   -0.128999,212,0
COEFF   -0.132955,551,0
COEFF   0.127515,284,64
COEFF   -0.148356,158,0
COEFF   0.122987,434,192
COEFF   -0.127576,461,0
COEFF   -0.127322,348,0
COEFF   0.119931,295,192
COEFF   -0.115325,604,0
COEFF   0.112372,439,192
COEFF   -0.112973,569,0
COEFF   0.107251,678,64
COEFF   -0.117890,427,0
COEFF   -0.091232,349,64
COEFF   0.106702,340,128
COEFF   -0.111380,608,0
COEFF   0.101975,414,0
COEFF   0.106343,325,0
COEFF   0.092269,687,0
COEFF   -0.091690,459,64
COEFF   0.091152,411,64
COEFF   -0.094223,549,0
COEFF   -0.076196,318,0
COEFF   0.094381,319,192
COEFF   -0.086920,607,0
COEFF   0.084169,745,0
COEFF   -0.095525,739,0
COEFF   0.077105,737,128
COEFF   -0.095857,597,0
COEFF   0.076642,184,128
COEFF   -0.083099,377,64
COEFF   0.074826,299,128
COEFF   0.072775,352,64
COEFF   0.073341,302,192
COEFF   -0.084448,538,0
COEFF   0.080885,339,0
COEFF   -0.082341,741,0
COEFF   -0.075451,434,0
COEFF   -0.074613,319,0
COEFF   0.085752,264,128
COEFF   -0.074156,210,192
COEFF   0.068467,463,192
COEFF   -0.076616,519,0
COEFF   -0.070699,487,128
COEFF   0.068959,178,128
COEFF   -0.075991,553,0
COEFF   0.085959,320,192
COEFF   -0.072835,654,64
COEFF   0.075677,516,192
COEFF   0.072531,240,192
COEFF   -0.063442,372,64
COEFF   0.068924,289,192
COEFF   -0.059039,159,0
COEFF   0.082814,154,64
COEFF   -0.070536,128,0
COEFF   0.081233,736,128
COEFF   -0.079220,637,0
COEFF   0.078264,441,128
COEFF   -0.065256,484,128
COEFF   -0.068607,629,0
COEFF   0.071834,683,0
COEFF   -0.061198,625,0
COEFF   0.071345,677,128
COEFF   -0.076623,739,64
COEFF   0.066491,340,192
COEFF   -0.072011,634,0
COEFF   -0.067853,462,0
COEFF   0.067807,490,192
COEFF   -0.057983,349,128
COEFF   -0.061517,488,0
COEFF   0.062630,461,192
COEFF   -0.064826,433,0
COEFF   0.061304,432,192
COEFF   -0.069781,125,0
COEFF   0.063502,718,192
COEFF   -0.063133,582,0
COEFF   0.060819,321,192
COEFF   -0.064258,346,128
COEFF   0.051645,300,192
COEFF   -0.056759,259,128
COEFF   0.057421,235,192
COEFF   -0.052429,211,0
COEFF   -0.054198,595,0
COEFF   0.063038,183,128
COEFF   -0.052354,629,64
COEFF   0.051772,242,192
COEFF   -0.048900,514,0
COEFF   0.054704,177,0
COEFF   -0.051007,627,64
COEFF   -0.058879,548,64
COEFF   0.047227,491,192
COEFF   -0.060456,435,0
COEFF   -0.059703,635,0
COEFF   0.061814,284,128
COEFF   -0.063261,510,64
COEFF   0.058697,677,64
COEFF   -0.057641,130,0
COEFF   0.056662,737,192
COEFF   -0.054202,681,0
COEFF   -0.044068,575,0
COEFF   0.050590,437,0
COEFF   0.047167,415,128
COEFF   -0.058477,455,64
COEFF   0.048121,301,128
COEFF   -0.048381,232,128
COEFF   0.043840,269,128
COEFF   0.045368,155,128
COEFF   -0.053310,596,64
COEFF   0.048931,452,128
COEFF   -0.055948,741,128
COEFF   0.051710,678,192
COEFF   -0.053073,739,128
COEFF   0.049178,255,0
COEFF   -0.054158,663,0
COEFF   -0.048315,490,0
COEFF   0.044804,435,192
COEFF   -0.050170,434,64
COEFF   0.049055,489,192
COEFF   -0.047852,159,64
COEFF   0.053151,747,0
COEFF   -0.052872,129,0
COEFF   0.051680,145,128
COEFF   -0.052440,349,192
COEFF   -0.046653,460,0
COEFF   0.058993,433,192
COEFF   -0.044236,430,64
COEFF   0.062467,429,0
COEFF   -0.051085,344,0
COEFF   0.040496,494,0
COEFF   -0.046292,458,64
COEFF   0.041275,318,192
COEFF   -0.040825,296,128
COEFF   -0.044794,355,128
COEFF   0.046403,354,128
COEFF   0.051556,323,192
COEFF   -0.049591,377,0
COEFF   0.044234,379,192
COEFF   0.041019,411,0
COEFF   -0.048435,410,128
COEFF   -0.039734,406,0
COEFF   -0.043638,605,64
COEFF   0.045507,460,192
COEFF   0.039438,353,64
COEFF   -0.044788,491,0
COEFF   -0.045201,566,0
COEFF   0.051455,338,0
COEFF   -0.051570,160,0
COEFF   0.046868,145,192
COEFF   -0.051612,581,0
COEFF   0.044239,746,0
COEFF   -0.047429,126,0
COEFF   0.046098,155,64
COEFF   0.041113,267,0
COEFF   -0.036663,324,192
COEFF   0.037688,234,192
COEFF   -0.035713,209,0
COEFF   -0.042289,578,128
COEFF   0.044622,181,0
COEFF   0.037468,293,128
COEFF   -0.042287,320,0
COEFF   -0.037676,211,192
COEFF   0.037595,328,192
COEFF   -0.044393,624,0
COEFF   0.040493,679,64
COEFF   -0.046798,428,192
COEFF   0.039136,456,0
COEFF   -0.041883,486,128
COEFF   0.045688,339,128
COEFF   -0.048217,398,128
COEFF   0.039808,743,64
COEFF   -0.045837,740,128
COEFF   0.044167,415,192
COEFF   -0.044885,127,0
COEFF   0.044187,395,0
COEFF   -0.042406,636,0
COEFF   0.040086,691,192
COEFF   -0.042851,160,128
COEFF   0.042368,227,0
COEFF   0.042350,325,128
COEFF   -0.040199,204,192
COEFF   0.040223,204,0
COEFF   0.037941,239,192
COEFF   -0.038307,232,192
COEFF   0.044109,302,128
COEFF   -0.040378,681,128
COEFF   0.040847,186,0
COEFF   0.033784,321,64
COEFF   -0.039462,322,0
COEFF   -0.037095,401,192
COEFF   0.041234,402,0
COEFF   0.036091,322,64
COEFF   -0.040305,347,0
COEFF   -0.037526,461,64
COEFF   -0.033872,576,0
COEFF   0.035296,236,128
COEFF   -0.035018,210,0
COEFF   -0.034230,594,0
COEFF   0.044765,146,192
COEFF   -0.042675,510,128
COEFF   0.039953,442,128
COEFF   -0.038064,429,192
COEFF   0.037833,458,0
COEFF   -0.033325,432,64
COEFF   0.034339,217,192
COEFF   -0.040627,515,64
COEFF   0.037431,488,192
COEFF   -0.039950,710,128
COEFF   0.038234,243,192
COEFF   -0.038769,215,64
COEFF   0.033706,737,64
COEFF   -0.042434,664,0
COEFF   0.037159,310,0
COEFF   -0.041593,486,192
COEFF   0.038013,484,0
COEFF   -0.037745,483,64
COEFF   0.037576,411,128
COEFF   0.039437,183,0
COEFF   -0.036493,628,0
COEFF   -0.039059,659,64
COEFF   0.040561,631,192
COEFF   -0.037467,493,128
COEFF   0.037229,465,192
COEFF   -0.034001,458,128
COEFF   0.029875,264,192
COEFF   -0.031684,383,64
COEFF   0.037055,327,192
[7] guessed 9788 out of 10000 (97.880000%)
[7] Test Error = 0.021200
[8] Coefficients:
COEFF   1.112848,307,64
COEFF   0.463411,487,0
COEFF   0.460123,657,128
COEFF   0.388297,376,128
COEFF   0.301081,433,192
COEFF   0.294656,274,0
COEFF   -0.247536,439,0
COEFF   0.260582,660,64
COEFF   0.230385,542,0
COEFF   -0.194719,267,64
COEFF   -0.162458,428,0
COEFF   0.184469,304,0
COEFF   0.185900,379,64
COEFF   0.174371,300,0
COEFF   0.157201,155,0
COEFF   0.158593,290,0
COEFF   0.148498,663,128
COEFF   -0.172364,577,192
COEFF   0.139581,376,0
COEFF   0.145490,489,64
COEFF   0.136730,688,128
COEFF   -0.123649,571,192
COEFF   0.124490,321,64
COEFF   0.115412,627,0
COEFF   0.118031,303,0
COEFF   0.132140,433,0
COEFF   0.109585,287,64
COEFF   -0.114964,241,192
COEFF   -0.110062,574,128
COEFF   0.100159,516,0
COEFF   0.091841,691,128
COEFF   0.129030,184,0
COEFF   -0.103885,211,192
COEFF   0.105640,291,0
COEFF   -0.097291,523,0
COEFF   0.119199,313,128
COEFF   0.120821,182,0
COEFF   -0.110815,657,192
COEFF   0.087117,260,0
COEFF   -0.093386,399,0
COEFF   0.111414,332,64
COEFF   0.112996,436,0
COEFF   0.093329,350,128
COEFF   0.086189,355,0
COEFF   -0.080704,573,192
COEFF   0.079811,512,128
COEFF   -0.095005,468,64
COEFF   0.093371,340,0
COEFF   0.106929,630,0
COEFF   -0.088230,629,192
COEFF   0.079924,319,0
COEFF   -0.067328,548,128
COEFF   0.078187,691,64
COEFF   -0.089816,441,64
COEFF   0.085556,358,0
COEFF   0.084232,353,0
COEFF   -0.084827,381,192
COEFF   0.063414,349,192
COEFF   0.066086,317,64
COEFF   0.071739,157,0
COEFF   -0.072961,183,192
COEFF   0.071899,183,0
COEFF   0.076723,312,128
COEFF   -0.089397,580,0
COEFF   0.074126,180,0
COEFF   -0.071066,182,192
COEFF   0.069347,314,64
COEFF   -0.083434,427,128
COEFF   0.072925,248,64
COEFF   0.079135,403,0
COEFF   -0.077017,376,192
COEFF   0.062867,154,0
COEFF   0.067420,545,0
COEFF   0.074085,341,64
COEFF   -0.087971,543,192
COEFF   0.072736,544,0
COEFF   -0.070182,572,192
COEFF   0.072358,137,0
COEFF   0.082912,270,0
COEFF   -0.076402,297,192
COEFF   -0.067148,272,192
COEFF   0.079571,333,128
COEFF   -0.079235,465,192
COEFF   0.070153,464,0
COEFF   0.068538,513,0
COEFF   -0.064438,487,64
COEFF   0.058098,323,0
COEFF   0.066498,316,64
COEFF   0.066092,381,0
COEFF   0.060119,284,128
COEFF   0.071340,628,0
COEFF   -0.061451,409,192
COEFF   -0.055849,631,192
COEFF   0.059758,693,0
COEFF   0.076604,631,0
COEFF   -0.061139,632,192
COEFF   0.053553,320,64
COEFF   -0.058976,347,192
COEFF   0.060554,667,64
COEFF   0.070306,408,0
COEFF   -0.058896,546,192
COEFF   0.066970,330,0
COEFF   -0.057817,273,192
COEFF   0.057315,334,64
COEFF   0.067411,431,0
COEFF   -0.060453,325,192
COEFF   0.053184,243,0
COEFF   0.053481,136,64
COEFF   -0.069345,426,64
COEFF   0.060186,555,128
COEFF   -0.063287,599,192
COEFF   0.081292,572,0
COEFF   0.063836,660,0
COEFF   -0.053996,177,64
COEFF   0.069757,692,64
COEFF   -0.058907,459,192
COEFF   0.060177,514,0
COEFF   -0.064718,570,192
COEFF   0.046421,267,0
COEFF   -0.050305,238,192
COEFF   0.060566,332,192
COEFF   0.063505,236,0
COEFF   -0.050207,521,192
COEFF   0.050986,133,0
COEFF   0.057713,378,0
COEFF   -0.054218,407,192
COEFF   0.057215,382,0
COEFF   -0.052317,382,192
COEFF   0.055794,92,64
COEFF   0.058048,434,0
COEFF   0.048571,357,0
COEFF   -0.051344,441,0
COEFF   0.045853,315,192
COEFF   0.051495,348,0
COEFF   -0.048244,376,64
COEFF   0.047816,214,0
COEFF   -0.060372,213,192
COEFF   0.046302,212,0
COEFF   0.063201,340,128
COEFF   -0.056783,399,128
COEFF   0.048757,124,0
COEFF   0.050487,318,0
COEFF   -0.049718,346,192
COEFF   0.046722,403,64
COEFF   0.046478,690,128
COEFF   -0.051833,149,64
COEFF   0.046506,528,128
COEFF   -0.051357,711,0
COEFF   0.044764,360,192
COEFF   0.050583,298,0
COEFF   -0.064320,326,192
COEFF   0.052252,354,0
COEFF   0.045529,322,64
COEFF   -0.043909,628,192
COEFF   0.044696,627,64
COEFF   0.049818,165,64
COEFF   -0.053319,271,192
COEFF   -0.049345,296,192
COEFF   0.049221,269,0
COEFF   0.048488,334,128
COEFF   0.050086,517,0
COEFF   -0.049827,268,192
COEFF   0.046472,289,0
COEFF   -0.049297,263,192
COEFF   0.043305,312,192
COEFF   0.052756,240,0
COEFF   -0.047601,212,192
COEFF   0.049867,185,0
COEFF   -0.045278,214,192
COEFF   0.048994,389,0
COEFF   0.052288,603,0
COEFF   -0.046320,630,192
COEFF   0.053459,657,0
COEFF   -0.045965,657,64
COEFF   0.045944,659,0
COEFF   0.045279,458,0
COEFF   0.044591,220,192
COEFF   -0.049759,604,192
COEFF   0.043046,378,64
COEFF   0.046435,464,64
COEFF   -0.041731,547,192
COEFF   0.052468,138,0
COEFF   -0.050869,607,192
COEFF   0.044747,605,0
COEFF   0.042866,543,0
COEFF   0.045568,511,64
COEFF   -0.048219,486,192
COEFF   0.037222,664,192
COEFF   0.049411,602,0
COEFF   -0.050011,601,192
COEFF   -0.043900,658,192
COEFF   0.042003,278,64
COEFF   0.058023,629,0
COEFF   -0.038163,600,192
COEFF   0.042189,571,0
COEFF   0.044989,341,128
COEFF   0.045890,211,0
COEFF   -0.047740,210,192
COEFF   0.043424,237,0
COEFF   0.046582,107,64
COEFF   -0.048247,466,192
COEFF   0.041308,409,0
COEFF   -0.043475,408,192
COEFF   0.040668,718,128
COEFF   0.049967,352,0
COEFF   0.037725,317,0
COEFF   -0.039762,374,192
COEFF   0.037760,623,128
COEFF   -0.042218,655,192
COEFF   0.038730,375,0
COEFF   0.035995,367,192
COEFF   -0.050761,442,0
COEFF   0.040397,231,128
COEFF   0.039115,656,0
COEFF   0.039933,546,0
COEFF   0.038405,153,0
COEFF   -0.038116,324,192
COEFF   0.041205,295,0
COEFF   0.043881,362,128
COEFF   -0.051171,267,192
COEFF   0.035608,271,0
COEFF   -0.042898,354,192
COEFF   0.051103,383,0
COEFF   0.039511,267,128
COEFF   -0.039801,599,128
COEFF   -0.036163,355,192
COEFF   0.044824,445,192
COEFF   -0.046325,176,64
COEFF   0.040509,328,0
COEFF   -0.036408,519,192
COEFF   0.040776,94,64
COEFF   0.045862,461,0
COEFF   -0.039922,461,192
COEFF   0.035392,488,0
COEFF   0.034572,137,192
COEFF   -0.046469,300,192
COEFF   0.035754,299,0
COEFF   -0.040178,298,128
COEFF   0.034571,315,64
COEFF   0.037655,320,0
COEFF   0.037850,325,0
COEFF   0.032536,152,128
COEFF   -0.034584,524,0
COEFF   0.032759,93,128
COEFF   0.041043,183,64
COEFF   -0.039940,656,192
COEFF   -0.033280,183,128
COEFF   0.040570,186,0
COEFF   -0.040515,186,192
COEFF   0.038614,223,0
[8] guessed 9675 out of 10000 (96.750000%)
[8] Test Error = 0.032500
[9] Coefficients:
COEFF   1.126157,719,0
COEFF   -0.408740,156,0
COEFF   0.413793,712,0
COEFF   0.317196,211,64
COEFF   0.301481,715,0
COEFF   0.305314,401,0
COEFF   0.259548,381,192
COEFF   0.178426,708,0
COEFF   -0.231310,570,0
COEFF   -0.205513,232,0
COEFF   0.219762,369,64
COEFF   -0.196453,294,64
COEFF   0.163585,184,128
COEFF   -0.174473,629,0
COEFF   -0.188894,551,0
COEFF   0.149701,383,192
COEFF   0.143439,352,192
COEFF   0.147810,290,0
COEFF   0.127603,693,128
COEFF   -0.167190,217,0
COEFF   -0.115980,603,0
COEFF   0.129522,210,0
COEFF   0.126012,370,0
COEFF   -0.146878,231,0
COEFF   0.144397,694,64
COEFF   -0.145444,497,0
COEFF   0.120391,155,64
COEFF   -0.120094,569,0
COEFF   0.119395,328,128
COEFF   0.116055,378,0
COEFF   0.099405,464,128
COEFF   0.107663,695,0
COEFF   0.121797,212,0
COEFF   -0.104865,600,0
COEFF   -0.100588,577,0
COEFF   0.109178,153,64
COEFF   -0.110388,567,0
COEFF   0.101884,357,128
COEFF   -0.105743,203,0
COEFF   0.095556,745,0
COEFF   -0.097474,190,0
COEFF   0.092258,151,64
COEFF   0.090754,437,0
COEFF   -0.076792,547,128
COEFF   0.081930,424,128
COEFF   -0.101712,230,64
COEFF   0.089426,722,0
COEFF   0.091450,211,0
COEFF   0.073294,343,0
COEFF   -0.093178,495,0
COEFF   -0.071562,242,192
COEFF   0.080843,668,0
COEFF   -0.091735,572,192
COEFF   0.081816,327,0
COEFF   -0.074964,235,192
COEFF   0.082291,679,192
COEFF   0.089011,346,0
COEFF   0.070680,182,128
COEFF   -0.079216,685,128
COEFF   0.061974,741,0
COEFF   -0.082927,691,0
COEFF   0.070346,369,128
COEFF   -0.084919,596,64
COEFF   0.071419,693,192
COEFF   -0.081401,127,0
COEFF   0.070934,180,192
COEFF   -0.063745,603,192
COEFF   0.055957,184,192
COEFF   -0.065152,461,192
COEFF   0.070654,458,64
COEFF   0.060652,238,0
COEFF   0.074113,743,64
COEFF   -0.074360,219,0
COEFF   0.070096,706,64
COEFF   -0.078578,202,0
COEFF   0.068299,749,0
COEFF   -0.073688,470,0
COEFF   0.067601,358,128
COEFF   -0.074346,573,192
COEFF   -0.073444,549,64
COEFF   0.055012,350,0
COEFF   0.052035,315,0
COEFF   -0.061968,663,0
COEFF   0.065400,737,64
COEFF   0.065706,464,0
COEFF   -0.055484,657,0
COEFF   0.060431,184,0
COEFF   0.053689,152,64
COEFF   -0.061789,597,0
COEFF   0.050904,734,0
COEFF   -0.071909,719,64
COEFF   0.063096,668,64
COEFF   0.067447,236,0
COEFF   -0.060960,236,128
COEFF   0.051310,264,0
COEFF   0.052970,155,192
COEFF   0.059449,406,0
COEFF   -0.067046,434,192
COEFF   0.054090,383,64
COEFF   0.049687,295,0
COEFF   -0.055551,269,192
COEFF   0.053684,424,192
COEFF   0.077119,241,0
COEFF   -0.052332,216,0
COEFF   0.054705,668,128
COEFF   -0.070909,128,0
COEFF   0.060898,358,192
COEFF   -0.065727,687,64
COEFF   0.055730,432,0
COEFF   -0.050636,544,0
COEFF   0.053368,705,192
COEFF   -0.062861,553,0
COEFF   0.050638,666,128
COEFF   -0.062781,247,0
COEFF   0.053338,708,192
COEFF   -0.057138,402,192
COEFF   -0.052227,297,128
COEFF   0.054228,326,0
COEFF   0.045796,696,64
COEFF   -0.056902,718,64
COEFF   0.054273,689,64
COEFF   0.047735,208,0
COEFF   -0.045644,605,0
COEFF   0.048429,344,0
COEFF   0.049408,156,64
COEFF   -0.052710,684,128
COEFF   -0.050837,439,0
COEFF   0.046872,341,128
COEFF   -0.055241,567,64
COEFF   0.048833,294,128
COEFF   0.041684,213,0
COEFF   0.047255,384,192
COEFF   -0.050222,599,64
COEFF   0.046800,405,0
COEFF   -0.054043,433,192
COEFF   0.057964,733,128
COEFF   -0.055125,714,64
COEFF   0.045321,460,0
COEFF   0.042192,742,0
COEFF   -0.054530,442,0
COEFF   -0.047079,463,0
COEFF   0.048382,518,0
COEFF   -0.044982,490,192
COEFF   -0.043814,520,128
COEFF   0.045988,408,192
COEFF   0.052623,452,192
COEFF   0.051836,237,0
COEFF   -0.047466,237,128
COEFF   0.046222,289,0
COEFF   -0.042579,289,192
COEFF   0.046948,745,128
COEFF   -0.050299,718,128
COEFF   0.047513,315,64
COEFF   0.043717,319,0
COEFF   0.046355,181,0
COEFF   0.042929,746,0
COEFF   -0.058033,608,0
COEFF   0.044206,396,128
COEFF   -0.049518,129,0
COEFF   0.046146,749,64
COEFF   -0.049587,248,0
COEFF   0.046245,612,128
COEFF   -0.046527,498,0
COEFF   0.043862,496,128
COEFF   -0.042985,291,192
COEFF   -0.045624,633,0
COEFF   0.038701,318,0
COEFF   0.041793,232,192
COEFF   -0.043425,654,64
COEFF   0.044494,186,64
COEFF   -0.042678,373,192
COEFF   0.045482,372,0
COEFF   0.037351,266,0
COEFF   0.042009,736,64
COEFF   -0.048473,712,64
COEFF   0.035879,740,64
COEFF   -0.048349,553,64
COEFF   0.044068,181,64
COEFF   -0.041270,604,0
COEFF   0.038208,430,0
COEFF   0.040379,742,64
COEFF   -0.047348,218,64
COEFF   0.041127,216,192
COEFF   -0.044001,574,192
COEFF   0.036614,519,0
COEFF   0.044646,739,0
COEFF   -0.049848,271,192
COEFF   0.036895,297,0
COEFF   -0.037861,296,128
COEFF   0.045445,734,64
COEFF   0.045383,240,0
COEFF   -0.042608,240,192
COEFF   0.033067,323,64
COEFF   -0.034008,460,192
COEFF   0.043566,487,0
COEFF   -0.040161,489,192
COEFF   0.041498,732,0
COEFF   -0.046185,635,64
COEFF   0.034490,328,0
COEFF   -0.033580,300,192
COEFF   0.045978,368,128
COEFF   -0.044640,541,0
COEFF   0.038219,151,0
COEFF   0.041491,209,0
COEFF   0.034417,489,0
COEFF   -0.035083,211,128
COEFF   0.036445,267,0
COEFF   -0.035724,463,64
COEFF   -0.034658,205,64
COEFF   0.037014,232,128
COEFF   0.033482,182,0
COEFF   -0.034535,178,0
COEFF   0.033209,359,192
COEFF   -0.044971,594,0
COEFF   0.039507,705,64
COEFF   -0.042065,126,0
COEFF   0.041824,152,192
COEFF   -0.041338,687,128
COEFF   -0.034133,265,192
COEFF   0.034909,744,0
COEFF   -0.039904,229,64
COEFF   0.039579,585,128
COEFF   -0.040771,499,0
COEFF   0.037705,668,192
COEFF   -0.039862,718,192
COEFF   0.035976,748,64
COEFF   -0.039731,130,0
COEFF   0.036812,732,128
COEFF   0.038680,270,0
COEFF   -0.047667,298,192
COEFF   0.028127,326,64
COEFF   0.030437,584,192
COEFF   -0.037980,623,64
COEFF   0.031985,385,128
COEFF   -0.035981,441,0
COEFF   0.034979,412,192
COEFF   -0.035536,545,192
COEFF   0.031030,490,64
COEFF   0.032933,377,0
COEFF   -0.034709,405,192
COEFF   0.037771,732,64
COEFF   0.039964,433,0
COEFF   -0.039621,462,192
COEFF   0.031313,238,64
COEFF   0.029259,551,64
COEFF   -0.030093,406,192
COEFF   0.033446,408,128
COEFF   0.032039,640,64
COEFF   -0.038633,203,64
COEFF   0.032849,696,128
[9] guessed 9617 out of 10000 (96.170000%)
[9] Test Error = 0.038300
Guessed 9007 numbers out of 10000 (90.070000%)
[1vA] Test Error = 0.099300
